1.00444
1.00448
1.00452
1.00456
1.0046
1.00464
1.00468
1.00472
1.00476
1.00479
1.00483
1.00487
1.00491
1.00494
1.00498
1.00501
1.00505
1.00508
1.00511
1.00515
1.00518
1.00521
1.00524
1.00527
1.0053
1.00533
1.00536
1.00539
1.00542
1.00545
1.00548
1.00551
1.00553
1.00556
1.00559
1.00561
1.00564
1.00566
1.00569
1.00571
1.00573
1.00576
1.00578
1.0058
1.00582
1.00584
1.00586
1.00589
1.00591
1.00592
1.00594
1.00596
1.00598
1.006
1.00602
1.00603
1.00605
1.00607
1.00608
1.0061
1.00611
1.00613
1.00614
1.00616
1.00617
1.00618
1.0062
1.00621
1.00622
1.00623
1.00625
1.00626
1.00627
1.00628
1.00629
1.0063
1.00631
1.00632
1.00633
1.00633
1.00634
1.00635
1.00636
1.00637
1.00637
1.00638
1.00639
1.00639
1.0064
1.0064
1.00641
1.00641
1.00642
1.00642
1.00643
1.00643
1.00643
1.00644
1.00644
1.00644
1.00645
1.00645
1.00645
1.00645
1.00645
1.00646
1.00646
1.00646
1.00646
1.00646
1.00646
1.00646
1.00646
1.00646
1.00646
1.00646
1.00646
1.00646
1.00646
1.00646
1.00645
1.00645
1.00645
1.00645
1.00645
1.00644
1.00644
1.00644
1.00644
1.00643
1.00643
1.00643
1.00643
1.00642
1.00642
1.00642
1.00641
1.00641
1.00641
1.0064
1.0064
1.00639
1.00639
1.00639
1.00638
1.00638
1.00637
1.00637
1.00637
1.00636
1.00636
1.00635
1.00635
1.00634
1.00634
1.00633
1.00633
1.00633
1.00632
1.00632
1.00631
1.00631
1.0063
1.0063
1.00629
1.00629
1.00629
1.00628
1.00628
1.00627
1.00627
1.00626
1.00626
1.00626
1.00625
1.00625
1.00624
1.00624
1.00624
1.00623
1.00623
1.00623
1.00622
1.00622
1.00621
1.00621
1.00621
1.00621
1.0062
1.0062
1.0062
1.00619
1.00619
1.00619
1.00619
1.00618
1.00618
1.00618
1.00618
1.00618
1.00618
1.00617
1.00617
1.00617
1.00617
1.00617
1.00617
1.00617
1.00617
1.00617
1.00617
1.00617
1.00617
1.00617
1.00617
1.00617
1.00617
1.00617
1.00617
1.00618
1.00618
1.00618
1.00618
1.00618
1.00619
1.00619
1.00619
1.0062
1.0062
1.0062
1.00621
1.00621
1.00621
1.00622
1.00622
1.00623
1.00623
1.00624
1.00624
1.00625
1.00626
1.00626
1.00627
1.00628
1.00628
1.00629
1.0063
1.0063
1.00631
1.00632
1.00633
1.00634
1.00634
1.00635
1.00636
1.00637
1.00638
1.00639
1.0064
1.00641
1.00642
1.00643
1.00644
1.00645
1.00646
1.00648
1.00649
1.0065
1.00651
1.00653
1.00654
1.00655
1.00656
1.00658
1.00659
1.0066
1.00662
1.00663
1.00665
1.00666
1.00668
1.00669
1.00671
1.00672
1.00674
1.00676
1.00677
1.00679
1.00681
1.00682
1.00684
1.00686
1.00688
1.00689
1.00691
1.00693
1.00695
1.00697
1.00699
1.00701
1.00703
1.00705
1.00707
1.00709
1.00711
1.00713
1.00715
1.00717
1.00719
1.00721
1.00723
1.00725
1.00728
1.0073
1.00732
1.00734
1.00737
1.00739
1.00741
1.00744
1.00746
1.00748
1.00751
1.00753
1.00756
1.00758
1.00761
1.00763
1.00766
1.00768
1.00771
1.00773
1.00776
1.00778
1.00781
1.00784
1.00786
1.00789
1.00792
1.00794
1.00797
1.008
1.00803
1.00805
1.00808
1.00811
1.00814
1.00817
1.0082
1.00822
1.00825
1.00828
1.00831
1.00834
1.00837
1.0084
1.00843
1.00846
1.00849
1.00852
1.00855
1.00858
1.00861
1.00864
1.00867
1.00871
1.00874
1.00877
1.0088
1.00883
1.00886
1.0089
1.00893
1.00896
1.00899
1.00902
1.00906
1.00909
1.00912
1.00916
1.00919
1.00922
1.00926
1.00929
1.00932
1.00936
1.00939
1.00942
1.00946
1.00949
1.00953
1.00956
1.0096
1.00963
1.00967
1.0097
1.00974
1.00977
1.00981
1.00984
1.00988
1.00991
1.00995
1.00998
1.01002
1.01006
1.01009
1.01013
1.01016
1.0102
1.01024
1.01027
1.01031
1.01035
1.01038
1.01042
1.01046
1.0105
1.01053
1.01057
1.01061
1.01065
1.01068
1.01072
1.01076
1.0108
1.01083
1.01087
1.01091
1.01095
1.01099
1.01103
1.01106
1.0111
1.01114
1.01118
1.01122
1.01126
1.0113
1.01134
1.01138
1.01142
1.01145
1.01149
1.01153
1.01157
1.01161
1.01165
1.01169
1.01173
1.01177
1.01181
1.01185
1.01189
1.01193
1.01198
1.01202
1.01206
1.0121
1.01214
1.01218
1.01222
1.01226
1.0123
1.01234
1.01239
1.01243
1.01247
1.01251
1.01255
1.01259
1.01264
1.01268
1.01272
1.01276
1.01281
1.01285
1.01289
1.01293
1.01298
1.01302
1.01306
1.0131
1.01315
1.01319
1.01323
1.01328
1.01332
1.01336
1.01341
1.01345
1.0135
1.01354
1.01358
1.01363
1.01367
1.01372
1.01376
1.01381
1.01385
1.0139
1.01394
1.01399
1.01403
1.01408
1.01412
1.01417
1.01421
1.01426
1.0143
1.01435
1.0144
1.01444
1.01449
1.01453
1.01458
1.01463
1.01467
1.01472
1.01477
1.01481
1.01486
1.01491
1.01496
1.015
1.01505
1.0151
1.01515
1.01519
1.01524
1.01529
1.01534
1.01539
1.01543
1.01548
1.01553
1.01558
1.01563
1.01568
1.01573
1.01578
1.01583
1.01588
1.01593
1.01598
1.01603
1.01608
1.01613
1.01618
1.01623
1.01628
1.01633
1.01638
1.01643
1.01648
1.01653
1.01658
1.01663
1.01669
1.01674
1.01679
1.01684
1.01689
1.01694
1.017
1.01705
1.0171
1.01715
1.01721
1.01726
1.01731
1.01737
1.01742
1.01747
1.01753
1.01758
1.01763
1.01769
1.01774
1.0178
1.01785
1.01791
1.01796
1.01801
1.01807
1.01812
1.01818
1.01823
1.01829
1.01835
1.0184
1.01846
1.01851
1.01857
1.01863
1.01868
1.01874
1.01879
1.01885
1.01891
1.01896
1.01902
1.01908
1.01914
1.01919
1.01925
1.01931
1.01937
1.01943
1.01948
1.01954
1.0196
1.01966
1.01972
1.01978
1.01984
1.01989
1.01995
1.02001
1.02007
1.02013
1.02019
1.02025
1.02031
1.02037
1.02043
1.02049
1.02055
1.02061
1.02067
1.02073
1.0208
1.02086
1.02092
1.02098
1.02104
1.0211
1.02116
1.02123
1.02129
1.02135
1.02141
1.02148
1.02154
1.0216
1.02166
1.02173
1.02179
1.02185
1.02192
1.02198
1.02204
1.02211
1.02217
1.02224
1.0223
1.02236
1.02243
1.02249
1.02256
1.02262
1.02269
1.02275
1.02282
1.02288
1.02295
1.02301
1.02308
1.02314
1.02321
1.02328
1.02334
1.02341
1.02348
1.02354
1.02361
1.02368
1.02374
1.02381
1.02388
1.02394
1.02401
1.02408
1.02415
1.02421
1.02428
1.02435
1.02442
1.02449
1.02456
1.02462
1.02469
1.02476
1.02483
1.0249
1.02497
1.02504
1.02511
1.02518
1.02525
1.02532
1.02539
1.02546
1.02553
1.0256
1.02567
1.02574
1.02581
1.02588
1.02595
1.02602
1.02609
1.02616
1.02623
1.02631
1.02638
1.02645
1.02652
1.02659
1.02666
1.02674
1.02681
1.02688
1.02695
1.02703
1.0271
1.02717
1.02724
1.02732
1.02739
1.02746
1.02754
1.02761
1.02769
1.02776
1.02783
1.02791
1.02798
1.02806
1.02813
1.0282
1.02828
1.02835
1.02843
1.0285
1.02858
1.02865
1.02873
1.02881
1.02888
1.02896
1.02903
1.02911
1.02918
1.02926
1.02934
1.02941
1.02949
1.02957
1.02964
1.02972
1.0298
1.02987
1.02995
1.03003
1.03011
1.03018
1.03026
1.03034
1.03042
1.03049
1.03057
1.03065
1.03073
1.03081
1.03089
1.03096
1.03104
1.03112
1.0312
1.03128
1.03136
1.03144
1.03152
1.0316
1.03168
1.03176
1.03184
1.03192
1.032
1.03208
1.03216
1.03224
1.03232
1.0324
1.03248
1.03256
1.03264
1.03272
1.0328
1.03288
1.03296
1.03305
1.03313
1.03321
1.03329
1.03337
1.03345
1.03354
1.03362
1.0337
1.03378
1.03386
1.03395
1.03403
1.03411
1.03419
1.03428
1.03436
1.03444
1.03453
1.03461
1.03469
1.03478
1.03486
1.03494
1.03503
1.03511
1.03519
1.03528
1.03536
1.03545
1.03553
1.03562
1.0357
1.03578
1.03587
1.03595
1.03604
1.03612
1.03621
1.03629
1.03638
1.03646
1.03655
1.03663
1.03672
1.0368
1.03689
1.03698
1.03706
1.03715
1.03723
1.03732
1.03741
1.03749
1.03758
1.03766
1.03775
1.03784
1.03792
1.03801
1.0381
1.03818
1.03827
1.03836
1.03845
1.03853
1.03862
1.03871
1.03879
1.03888
1.03897
1.03906
1.03914
1.03923
1.03932
1.03941
1.0395
1.03958
1.03967
1.03976
1.03985
1.03994
1.04003
1.04011
1.0402
1.04029
1.04038
1.04047
1.04056
1.04065
1.04073
1.04082
1.04091
1.041
1.04109
1.04118
1.04127
1.04136
1.04145
1.04154
1.04163
1.04172
1.04181
1.0419
1.04199
1.04207
1.04216
1.04225
1.04234
1.04243
1.04252
1.04261
1.0427
1.0428
1.04289
1.04298
1.04307
1.04316
1.04325
1.04334
1.04343
1.04352
1.04361
1.0437
1.04379
1.04388
1.04397
1.04406
1.04415
1.04425
1.04434
1.04443
1.04452
1.04461
1.0447
1.04479
1.04488
1.04497
1.04507
1.04516
1.04525
1.04534
1.04543
1.04552
1.04562
1.04571
1.0458
1.04589
1.04598
1.04607
1.04617
1.04626
1.04635
1.04644
1.04653
1.04662
1.04672
1.04681
1.0469
1.04699
1.04708
1.04718
1.04727
1.04736
1.04745
1.04755
1.04764
1.04773
1.04782
1.04791
1.04801
1.0481
1.04819
1.04828
1.04838
1.04847
1.04856
1.04865
1.04875
1.04884
1.04893
1.04902
1.04912
1.04921
1.0493
1.04939
1.04949
1.04958
1.04967
1.04976
1.04986
1.04995
1.05004
1.05013
1.05023
1.05032
1.05041
1.0505
1.0506
1.05069
1.05078
1.05088
1.05097
1.05106
1.05115
1.05125
1.05134
1.05143
1.05152
1.05162
1.05171
1.0518
1.05189
1.05199
1.05208
1.05217
1.05226
1.05236
1.05245
1.05254
1.05264
1.05273
1.05282
1.05291
1.05301
1.0531
1.05319
1.05328
1.05338
1.05347
1.05356
1.05365
1.05375
1.05384
1.05393
1.05402
1.05412
1.05421
1.0543
1.05439
1.05449
1.05458
1.05467
1.05476
1.05485
1.05495
1.05504
1.05513
1.05522
1.05532
1.05541
1.0555
1.05559
1.05568
1.05578
1.05587
1.05596
1.05605
1.05614
1.05624
1.05633
1.05642
1.05651
1.0566
1.05669
1.05679
1.05688
1.05697
1.05706
1.05715
1.05724
1.05733
1.05743
1.05752
1.05761
1.0577
1.05779
1.05788
1.05797
1.05806
1.05816
1.05825
1.05834
1.05843
1.05852
1.05861
1.0587
1.05879
1.05888
1.05897
1.05906
1.05915
1.05925
1.05934
1.05943
1.05952
1.05961
1.0597
1.05979
1.05988
1.05997
1.06006
1.06015
1.06024
1.06033
1.06042
1.06051
1.0606
1.06069
1.06077
1.06086
1.06095
1.06104
1.06113
1.06122
1.06131
1.0614
1.06149
1.06158
1.06167
1.06176
1.06184
1.06193
1.06202
1.06211
1.0622
1.06229
1.06238
1.06246
1.06255
1.06264
1.06273
1.06282
1.0629
1.06299
1.06308
1.06317
1.06325
1.06334
1.06343
1.06352
1.0636
1.06369
1.06378
1.06387
1.06395
1.06404
1.06413
1.06421
1.0643
1.06439
1.06447
1.06456
1.06464
1.06473
1.06482
1.0649
1.06499
1.06507
1.06516
1.06525
1.06533
1.06542
1.0655
1.06559
1.06567
1.06576
1.06584
1.06593
1.06601
1.0661
1.06618
1.06627
1.06635
1.06644
1.06652
1.0666
1.06669
1.06677
1.06686
1.06694
1.06702
1.06711
1.06719
1.06727
1.06736
1.06744
1.06752
1.06761
1.06769
1.06777
1.06785
1.06794
1.06802
1.0681
1.06818
1.06826
1.06835
1.06843
1.06851
1.06859
1.06867
1.06875
1.06884
1.06892
1.069
1.06908
1.06916
1.06924
1.06932
1.0694
1.06948
1.06956
1.06964
1.06972
1.0698
1.06988
1.06996
1.07004
1.07012
1.0702
1.07028
1.07036
1.07044
1.07051
1.07059
1.07067
1.07075
1.07083
1.07091
1.07098
1.07106
1.07114
1.07122
1.0713
1.07137
1.07145
1.07153
1.0716
1.07168
1.07176
1.07183
1.07191
1.07199
1.07206
1.07214
1.07222
1.07229
1.07237
1.07244
1.07252
1.07259
1.07267
1.07274
1.07282
1.07289
1.07297
1.07304
1.07312
1.07319
1.07327
1.07334
1.07341
1.07349
1.07356
1.07363
1.07371
1.07378
1.07385
1.07393
1.074
1.07407
1.07414
1.07422
1.07429
1.07436
1.07443
1.0745
1.07458
1.07465
1.07472
1.07479
1.07486
1.07493
1.075
1.07507
1.07514
1.07521
1.07528
1.07535
1.07542
1.07549
1.07556
1.07563
1.0757
1.07577
1.07584
1.07591
1.07598
1.07604
1.07611
1.07618
1.07625
1.07632
1.07639
1.07645
1.07652
1.07659
1.07665
1.07672
1.07679
1.07686
1.07692
1.07699
1.07705
1.07712
1.07719
1.07725
1.07732
1.07738
1.07745
1.07751
1.07758
1.07764
1.07771
1.07777
1.07784
1.0779
1.07797
1.07803
1.07809
1.07816
1.07822
1.07828
1.07835
1.07841
1.07847
1.07854
1.0786
1.07866
1.07872
1.07879
1.07885
1.07891
1.07897
1.07903
1.07909
1.07916
1.07922
1.07928
1.07934
1.0794
1.07946
1.07952
1.07958
1.07964
1.0797
1.07976
1.07982
1.07988
1.07994
1.07999
1.08005
1.08011
1.08017
1.08023
1.08029
1.08035
1.0804
1.08046
1.08052
1.08058
1.08063
1.08069
1.08075
1.0808
1.08086
1.08092
1.08097
1.08103
1.08109
1.08114
1.0812
1.08125
1.08131
1.08136
1.08142
1.08147
1.08153
1.08158
1.08164
1.08169
1.08174
1.0818
1.08185
1.08191
1.08196
1.08201
1.08207
1.08212
1.08217
1.08222
1.08228
1.08233
1.08238
1.08243
1.08249
1.08254
1.08259
1.08264
1.08269
1.08274
1.08279
1.08284
1.0829
1.08295
1.083
1.08305
1.0831
1.08315
1.0832
1.08325
1.08329
1.08334
1.08339
1.08344
1.08349
1.08354
1.08359
1.08364
1.08368
1.08373
1.08378
1.08383
1.08388
1.08392
1.08397
1.08402
1.08406
1.08411
1.08416
1.0842
1.08425
1.0843
1.08434
1.08439
1.08443
1.08448
1.08453
1.08457
1.08462
1.08466
1.08471
1.08475
1.0848
1.08484
1.08488
1.08493
1.08497
1.08502
1.08506
1.0851
1.08515
1.08519
1.08523
1.08528
1.08532
1.08536
1.0854
1.08545
1.08549
1.08553
1.08557
1.08561
1.08566
1.0857
1.08574
1.08578
1.08582
1.08586
1.0859
1.08594
1.08598
1.08602
1.08606
1.0861
1.08614
1.08618
1.08622
1.08626
1.0863
1.08634
1.08638
1.08642
1.08646
1.0865
1.08654
1.08657
1.08661
1.08665
1.08669
1.08673
1.08677
1.0868
1.08684
1.08688
1.08691
1.08695
1.08699
1.08703
1.08706
1.0871
1.08714
1.08717
1.08721
1.08724
1.08728
1.08732
1.08735
1.08739
1.08742
1.08746
1.08749
1.08753
1.08756
1.0876
1.08763
1.08767
1.0877
1.08774
1.08777
1.0878
1.08784
1.08787
1.08791
1.08794
1.08797
1.08801
1.08804
1.08807
1.08811
1.08814
1.08817
1.0882
1.08824
1.08827
1.0883
1.08833
1.08836
1.0884
1.08843
1.08846
1.08849
1.08852
1.08855
1.08859
1.08862
1.08865
1.08868
1.08871
1.08874
1.08877
1.0888
1.08883
1.08886
1.08889
1.08892
1.08895
1.08898
1.08901
1.08904
1.08907
1.0891
1.08913
1.08916
1.08919
1.08922
1.08925
1.08928
1.0893
1.08933
1.08936
1.08939
1.08942
1.08945
1.08947
1.0895
1.08953
1.08956
1.08959
1.08961
1.08964
1.08967
1.0897
1.08972
1.08975
1.08978
1.0898
1.08983
1.08986
1.08988
1.08991
1.08994
1.08996
1.08999
1.09002
1.09004
1.09007
1.09009
1.09012
1.09015
1.09017
1.0902
1.09022
1.09025
1.09027
1.0903
1.09032
1.09035
1.09038
1.0904
1.09043
1.09045
1.09047
1.0905
1.09052
1.09055
1.09057
1.0906
1.09062
1.09065
1.09067
1.09069
1.09072
1.09074
1.09077
1.09079
1.09081
1.09084
1.09086
1.09088
1.09091
1.09093
1.09095
1.09098
1.091
1.09102
1.09105
1.09107
1.09109
1.09112
1.09114
1.09116
1.09118
1.09121
1.09123
1.09125
1.09127
1.0913
1.09132
1.09134
1.09136
1.09138
1.09141
1.09143
1.09145
1.09147
1.09149
1.09151
1.09154
1.09156
1.09158
1.0916
1.09162
1.09164
1.09167
1.09169
1.09171
1.09173
1.09175
1.09177
1.09179
1.09181
1.09183
1.09185
1.09188
1.0919
1.09192
1.09194
1.09196
1.09198
1.092
1.09202
1.09204
1.09206
1.09208
1.0921
1.09212
1.09214
1.09216
1.09218
1.0922
1.09222
1.09224
1.09226
1.09228
1.0923
1.09232
1.09234
1.09236
1.09238
1.0924
1.09242
1.09244
1.09246
1.09248
1.0925
1.09252
1.09254
1.09256
1.09258
1.0926
1.09262
1.09263
1.09265
1.09267
1.09269
1.09271
1.09273
1.09275
1.09277
1.09279
1.09281
1.09283
1.09284
1.09286
1.09288
1.0929
1.09292
1.09294
1.09296
1.09298
1.093
1.09301
1.09303
1.09305
1.09307
1.09309
1.09311
1.09313
1.09315
1.09316
1.09318
1.0932
1.09322
1.09324
1.09326
1.09327
1.09329
1.09331
1.09333
1.09335
1.09337
1.09338
1.0934
1.09342
1.09344
1.09346
1.09348
1.09349
1.09351
1.09353
1.09355
1.09357
1.09359
1.0936
1.09362
1.09364
1.09366
1.09368
1.09369
1.09371
1.09373
1.09375
1.09377
1.09378
1.0938
1.09382
1.09384
1.09386
1.09388
1.09389
1.09391
1.09393
1.09395
1.09397
1.09398
1.094
1.09402
1.09404
1.09406
1.09407
1.09409
1.09411
1.09413
1.09415
1.09416
1.09418
1.0942
1.09422
1.09423
1.09425
1.09427
1.09429
1.09431
1.09432
1.09434
1.09436
1.09438
1.0944
1.09441
1.09443
1.09445
1.09447
1.09449
1.0945
1.09452
1.09454
1.09456
1.09458
1.09459
1.09461
1.09463
1.09465
1.09467
1.09468
1.0947
1.09472
1.09474
1.09476
1.09477
1.09479
1.09481
1.09483
1.09485
1.09486
1.09488
1.0949
1.09492
1.09494
1.09495
1.09497
1.09499
1.09501
1.09503
1.09505
1.09506
1.09508
1.0951
1.09512
1.09514
1.09515
1.09517
1.09519
1.09521
1.09523
1.09525
1.09526
1.09528
1.0953
1.09532
1.09534
1.09536
1.09537
1.09539
1.09541
1.09543
1.09545
1.09547
1.09548
1.0955
1.09552
1.09554
1.09556
1.09558
1.0956
1.09561
1.09563
1.09565
1.09567
1.09569
1.09571
1.09573
1.09574
1.09576
1.09578
1.0958
1.09582
1.09584
1.09586
1.09587
1.09589
1.09591
1.09593
1.09595
1.09597
1.09599
1.09601
1.09603
1.09604
1.09606
1.09608
1.0961
1.09612
1.09614
1.09616
1.09618
1.0962
1.09622
1.09623
1.09625
1.09627
1.09629
1.09631
1.09633
1.09635
1.09637
1.09639
1.09641
1.09643
1.09645
1.09646
1.09648
1.0965
1.09652
1.09654
1.09656
1.09658
1.0966
1.09662
1.09664
1.09666
1.09668
1.0967
1.09672
1.09674
1.09676
1.09678
1.0968
1.09682
1.09683
1.09685
1.09687
1.09689
1.09691
1.09693
1.09695
1.09697
1.09699
1.09701
1.09703
1.09705
1.09707
1.09709
1.09711
1.09713
1.09715
1.09717
1.09719
1.09721
1.09723
1.09725
1.09727
1.09729
1.09731
1.09733
1.09735
1.09737
1.09739
1.09741
1.09743
1.09745
1.09747
1.0975
1.09752
1.09754
1.09756
1.09758
1.0976
1.09762
1.09764
1.09766
1.09768
1.0977
1.09772
1.09774
1.09776
1.09778
1.0978
1.09782
1.09784
1.09786
1.09789
1.09791
1.09793
1.09795
1.09797
1.09799
1.09801
1.09803
1.09805
1.09807
1.09809
1.09811
1.09814
1.09816
1.09818
1.0982
1.09822
1.09824
1.09826
1.09828
1.0983
1.09833
1.09835
1.09837
1.09839
1.09841
1.09843
1.09845
1.09847
1.09849
1.09852
1.09854
1.09856
1.09858
1.0986
1.09862
1.09864
1.09867
1.09869
1.09871
1.09873
1.09875
1.09877
1.0988
1.09882
1.09884
1.09886
1.09888
1.0989
1.09892
1.09895
1.09897
1.09899
1.09901
1.09903
1.09906
1.09908
1.0991
1.09912
1.09914
1.09916
1.09919
1.09921
1.09923
1.09925
1.09927
1.0993
1.09932
1.09934
1.09936
1.09938
1.09941
1.09943
1.09945
1.09947
1.09949
1.09952
1.09954
1.09956
1.09958
1.0996
1.09963
1.09965
1.09967
1.09969
1.09972
1.09974
1.09976
1.09978
1.09981
1.09983
1.09985
1.09987
1.09989
1.09992
1.09994
1.09996
1.09998
1.10001
1.10003
1.10005
1.10007
1.1001
1.10012
1.10014
1.10016
1.10019
1.10021
1.10023
1.10025
1.10028
1.1003
1.10032
1.10035
1.10037
1.10039
1.10041
1.10044
1.10046
1.10048
1.1005
1.10053
1.10055
1.10057
1.1006
1.10062
1.10064
1.10066
1.10069
1.10071
1.10073
1.10076
1.10078
1.1008
1.10082
1.10085
1.10087
1.10089
1.10092
1.10094
1.10096
1.10098
1.10101
1.10103
1.10105
1.10108
1.1011
1.10112
1.10115
1.10117
1.10119
1.10122
1.10124
1.10126
1.10128
1.10131
1.10133
1.10135
1.10138
1.1014
1.10142
1.10145
1.10147
1.10149
1.10152
1.10154
1.10156
1.10159
1.10161
1.10163
1.10166
1.10168
1.1017
1.10172
1.10175
1.10177
1.10179
1.10182
1.10184
1.10186
1.10189
1.10191
1.10193
1.10196
1.10198
1.102
1.10203
1.10205
1.10207
1.1021
1.10212
1.10214
1.10217
1.10219
1.10221
1.10224
1.10226
1.10228
1.10231
1.10233
1.10235
1.10238
1.1024
1.10243
1.10245
1.10247
1.1025
1.10252
1.10254
1.10257
1.10259
1.10261
1.10264
1.10266
1.10268
1.10271
1.10273
1.10275
1.10278
1.1028
1.10282
1.10285
1.10287
1.10289
1.10292
1.10294
1.10296
1.10299
1.10301
1.10303
1.10306
1.10308
1.10311
1.10313
1.10315
1.10318
1.1032
1.10322
1.10325
1.10327
1.10329
1.10332
1.10334
1.10336
1.10339
1.10341
1.10343
1.10346
1.10348
1.1035
1.10353
1.10355
1.10357
1.1036
1.10362
1.10365
1.10367
1.10369
1.10372
1.10374
1.10376
1.10379
1.10381
1.10383
1.10386
1.10388
1.1039
1.10393
1.10395
1.10397
1.104
1.10402
1.10404
1.10407
1.10409
1.10411
1.10414
1.10416
1.10418
1.10421
1.10423
1.10425
1.10428
1.1043
1.10432
1.10435
1.10437
1.10439
1.10442
1.10444
1.10447
1.10449
1.10451
1.10454
1.10456
1.10458
1.10461
1.10463
1.10465
1.10468
1.1047
1.10472
1.10475
1.10477
1.10479
1.10481
1.10484
1.10486
1.10488
1.10491
1.10493
1.10495
1.10498
1.105
1.10502
1.10505
1.10507
1.10509
1.10512
1.10514
1.10516
1.10519
1.10521
1.10523
1.10526
1.10528
1.1053
1.10533
1.10535
1.10537
1.1054
1.10542
1.10544
1.10546
1.10549
1.10551
1.10553
1.10556
1.10558
1.1056
1.10563
1.10565
1.10567
1.1057
1.10572
1.10574
1.10576
1.10579
1.10581
1.10583
1.10586
1.10588
1.1059
1.10593
1.10595
1.10597
1.10599
1.10602
1.10604
1.10606
1.10609
1.10611
1.10613
1.10615
1.10618
1.1062
1.10622
1.10625
1.10627
1.10629
1.10631
1.10634
1.10636
1.10638
1.1064
1.10643
1.10645
1.10647
1.1065
1.10652
1.10654
1.10656
1.10659
1.10661
1.10663
1.10665
1.10668
1.1067
1.10672
1.10674
1.10677
1.10679
1.10681
1.10683
1.10686
1.10688
1.1069
1.10692
1.10695
1.10697
1.10699
1.10701
1.10704
1.10706
1.10708
1.1071
1.10713
1.10715
1.10717
1.10719
1.10722
1.10724
1.10726
1.10728
1.1073
1.10733
1.10735
1.10737
1.10739
1.10742
1.10744
1.10746
1.10748
1.1075
1.10753
1.10755
1.10757
1.10759
1.10762
1.10764
1.10766
1.10768
1.1077
1.10773
1.10775
1.10777
1.10779
1.10781
1.10784
1.10786
1.10788
1.1079
1.10792
1.10795
1.10797
1.10799
1.10801
1.10803
1.10805
1.10808
1.1081
1.10812
1.10814
1.10816
1.10818
1.10821
1.10823
1.10825
1.10827
1.10829
1.10832
1.10834
1.10836
1.10838
1.1084
1.10842
1.10844
1.10847
1.10849
1.10851
1.10853
1.10855
1.10857
1.1086
1.10862
1.10864
1.10866
1.10868
1.1087
1.10872
1.10875
1.10877
1.10879
1.10881
1.10883
1.10885
1.10887
1.10889
1.10892
1.10894
1.10896
1.10898
1.109
1.10902
1.10904
1.10906
1.10908
1.10911
1.10913
1.10915
1.10917
1.10919
1.10921
1.10923
1.10925
1.10927
1.1093
1.10932
1.10934
1.10936
1.10938
1.1094
1.10942
1.10944
1.10946
1.10948
1.1095
1.10953
1.10955
1.10957
1.10959
1.10961
1.10963
1.10965
1.10967
1.10969
1.10971
1.10973
1.10975
1.10977
1.10979
1.10981
1.10984
1.10986
1.10988
1.1099
1.10992
1.10994
1.10996
1.10998
1.11
1.11002
1.11004
1.11006
1.11008
1.1101
1.11012
1.11014
1.11016
1.11018
1.1102
1.11022
1.11024
1.11026
1.11028
1.1103
1.11032
1.11034
1.11037
1.11039
1.11041
1.11043
1.11045
1.11047
1.11049
1.11051
1.11053
1.11055
1.11057
1.11059
1.11061
1.11063
1.11065
1.11067
1.11069
1.11071
1.11073
1.11075
1.11077
1.11079
1.11081
1.11082
1.11084
1.11086
1.11088
1.1109
1.11092
1.11094
1.11096
1.11098
1.111
1.11102
1.11104
1.11106
1.11108
1.1111
1.11112
1.11114
1.11116
1.11118
1.1112
1.11122
1.11124
1.11126
1.11128
1.1113
1.11132
1.11133
1.11135
1.11137
1.11139
1.11141
1.11143
1.11145
1.11147
1.11149
1.11151
1.11153
1.11155
1.11157
1.11159
1.11161
1.11162
1.11164
1.11166
1.11168
1.1117
1.11172
1.11174
1.11176
1.11178
1.1118
1.11182
1.11183
1.11185
1.11187
1.11189
1.11191
1.11193
1.11195
1.11197
1.11199
1.11201
1.11202
1.11204
1.11206
1.11208
1.1121
1.11212
1.11214
1.11216
1.11217
1.11219
1.11221
1.11223
1.11225
1.11227
1.11229
1.11231
1.11232
1.11234
1.11236
1.11238
1.1124
1.11242
1.11244
1.11245
1.11247
1.11249
1.11251
1.11253
1.11255
1.11257
1.11258
1.1126
1.11262
1.11264
1.11266
1.11268
1.11269
1.11271
1.11273
1.11275
1.11277
1.11279
1.1128
1.11282
1.11284
1.11286
1.11288
1.1129
1.11291
1.11293
1.11295
1.11297
1.11299
1.113
1.11302
1.11304
1.11306
1.11308
1.11309
1.11311
1.11313
1.11315
1.11317
1.11318
1.1132
1.11322
1.11324
1.11326
1.11327
1.11329
1.11331
1.11333
1.11335
1.11336
1.11338
1.1134
1.11342
1.11344
1.11345
1.11347
1.11349
1.11351
1.11352
1.11354
1.11356
1.11358
1.1136
1.11361
1.11363
1.11365
1.11367
1.11368
1.1137
1.11372
1.11374
1.11375
1.11377
1.11379
1.11381
1.11382
1.11384
1.11386
1.11388
1.11389
1.11391
1.11393
1.11395
1.11396
1.11398
1.114
1.11402
1.11403
1.11405
1.11407
1.11409
1.1141
1.11412
1.11414
1.11416
1.11417
1.11419
1.11421
1.11422
1.11424
1.11426
1.11428
1.11429
1.11431
1.11433
1.11435
1.11436
1.11438
1.1144
1.11441
1.11443
1.11445
1.11447
1.11448
1.1145
1.11452
1.11453
1.11455
1.11457
1.11459
1.1146
1.11462
1.11464
1.11465
1.11467
1.11469
1.1147
1.11472
1.11474
1.11476
1.11477
1.11479
1.11481
1.11482
1.11484
1.11486
1.11487
1.11489
1.11491
1.11492
1.11494
1.11496
1.11497
1.11499
1.11501
1.11503
1.11504
1.11506
1.11508
1.11509
1.11511
1.11513
1.11514
1.11516
1.11518
1.11519
1.11521
1.11523
1.11524
1.11526
1.11528
1.11529
1.11531
1.11533
1.11534
1.11536
1.11538
1.11539
1.11541
1.11543
1.11544
1.11546
1.11548
1.11549
1.11551
1.11553
1.11554
1.11556
1.11558
1.11559
1.11561
1.11562
1.11564
1.11566
1.11567
1.11569
1.11571
1.11572
1.11574
1.11576
1.11577
1.11579
1.11581
1.11582
1.11584
1.11586
1.11587
1.11589
1.1159
1.11592
1.11594
1.11595
1.11597
1.11599
1.116
1.11602
1.11604
1.11605
1.11607
1.11608
1.1161
1.11612
1.11613
1.11615
1.11617
1.11618
1.1162
1.11621
1.11623
1.11625
1.11626
1.11628
1.1163
1.11631
1.11633
1.11635
1.11636
1.11638
1.11639
1.11641
1.11643
1.11644
1.11646
1.11647
1.11649
1.11651
1.11652
1.11654
1.11656
1.11657
1.11659
1.1166
1.11662
1.11664
1.11665
1.11667
1.11668
1.1167
1.11672
1.11673
1.11675
1.11677
1.11678
1.1168
1.11681
1.11683
1.11685
1.11686
1.11688
1.11689
1.11691
1.11693
1.11694
1.11696
1.11697
1.11699
1.11701
1.11702
1.11704
1.11706
1.11707
1.11709
1.1171
1.11712
1.11714
1.11715
1.11717
1.11718
1.1172
1.11722
1.11723
1.11725
1.11726
1.11728
1.1173
1.11731
1.11733
1.11734
1.11736
1.11738
1.11739
1.11741
1.11742
1.11744
1.11746
1.11747
1.11749
1.1175
1.11752
1.11754
1.11755
1.11757
1.11758
1.1176
1.11762
1.11763
1.11765
1.11766
1.11768
1.1177
1.11771
1.11773
1.11774
1.11776
1.11778
1.11779
1.11781
1.11782
1.11784
1.11786
1.11787
1.11789
1.1179
1.11792
1.11794
1.11795
1.11797
1.11798
1.118
1.11802
1.11803
1.11805
1.11806
1.11808
1.1181
1.11811
1.11813
1.11814
1.11816
1.11817
1.11819
1.11821
1.11822
1.11824
1.11825
1.11827
1.11829
1.1183
1.11832
1.11833
1.11835
1.11837
1.11838
1.1184
1.11841
1.11843
1.11845
1.11846
1.11848
1.11849
1.11851
1.11853
1.11854
1.11856
1.11857
1.11859
1.11861
1.11862
1.11864
1.11865
1.11867
1.11869
1.1187
1.11872
1.11874
1.11875
1.11877
1.11878
1.1188
1.11882
1.11883
1.11885
1.11886
1.11888
1.1189
1.11891
1.11893
1.11894
1.11896
1.11898
1.11899
1.11901
1.11902
1.11904
1.11906
1.11907
1.11909
1.1191
1.11912
1.11914
1.11915
1.11917
1.11919
1.1192
1.11922
1.11923
1.11925
1.11927
1.11928
1.1193
1.11931
1.11933
1.11935
1.11936
1.11938
1.1194
1.11941
1.11943
1.11944
1.11946
1.11948
1.11949
1.11951
1.11953
1.11954
1.11956
1.11957
1.11959
1.11961
1.11962
1.11964
1.11965
1.11967
1.11969
1.1197
1.11972
1.11974
1.11975
1.11977
1.11979
1.1198
1.11982
1.11983
1.11985
1.11987
1.11988
1.1199
1.11992
1.11993
1.11995
1.11996
1.11998
1.12
1.12001
1.12003
1.12005
1.12006
1.12008
1.1201
1.12011
1.12013
1.12015
1.12016
1.12018
1.12019
1.12021
1.12023
1.12024
1.12026
1.12028
1.12029
1.12031
1.12033
1.12034
1.12036
1.12038
1.12039
1.12041
1.12043
1.12044
1.12046
1.12048
1.12049
1.12051
1.12053
1.12054
1.12056
1.12058
1.12059
1.12061
1.12063
1.12064
1.12066
1.12068
1.12069
1.12071
1.12073
1.12074
1.12076
1.12078
1.12079
1.12081
1.12083
1.12084
1.12086
1.12088
1.12089
1.12091
1.12093
1.12094
1.12096
1.12098
1.12099
1.12101
1.12103
1.12104
1.12106
1.12108
1.1211
1.12111
1.12113
1.12115
1.12116
1.12118
1.1212
1.12121
1.12123
1.12125
1.12126
1.12128
1.1213
1.12132
1.12133
1.12135
1.12137
1.12138
1.1214
1.12142
1.12144
1.12145
1.12147
1.12149
1.1215
1.12152
1.12154
1.12155
1.12157
1.12159
1.12161
1.12162
1.12164
1.12166
1.12168
1.12169
1.12171
1.12173
1.12174
1.12176
1.12178
1.1218
1.12181
1.12183
1.12185
1.12187
1.12188
1.1219
1.12192
1.12194
1.12195
1.12197
1.12199
1.122
1.12202
1.12204
1.12206
1.12207
1.12209
1.12211
1.12213
1.12214
1.12216
1.12218
1.1222
1.12221
1.12223
1.12225
1.12227
1.12229
1.1223
1.12232
1.12234
1.12236
1.12237
1.12239
1.12241
1.12243
1.12244
1.12246
1.12248
1.1225
1.12252
1.12253
1.12255
1.12257
1.12259
1.1226
1.12262
1.12264
1.12266
1.12268
1.12269
1.12271
1.12273
1.12275
1.12277
1.12278
1.1228
1.12282
1.12284
1.12286
1.12287
1.12289
1.12291
1.12293
1.12295
1.12296
1.12298
1.123
1.12302
1.12304
1.12305
1.12307
1.12309
1.12311
1.12313
1.12315
1.12316
1.12318
1.1232
1.12322
1.12324
1.12326
1.12327
1.12329
1.12331
1.12333
1.12335
1.12337
1.12338
1.1234
1.12342
1.12344
1.12346
1.12348
1.12349
1.12351
1.12353
1.12355
1.12357
1.12359
1.12361
1.12362
1.12364
1.12366
1.12368
1.1237
1.12372
1.12374
1.12376
1.12377
1.12379
1.12381
1.12383
1.12385
1.12387
1.12389
1.12391
1.12392
1.12394
1.12396
1.12398
1.124
1.12402
1.12404
1.12406
1.12408
1.12409
1.12411
1.12413
1.12415
1.12417
1.12419
1.12421
1.12423
1.12425
1.12427
1.12428
1.1243
1.12432
1.12434
1.12436
1.12438
1.1244
1.12442
1.12444
1.12446
1.12448
1.1245
1.12452
1.12453
1.12455
1.12457
1.12459
1.12461
1.12463
1.12465
1.12467
1.12469
1.12471
1.12473
1.12475
1.12477
1.12479
1.12481
1.12483
1.12485
1.12487
1.12488
1.1249
1.12492
1.12494
1.12496
1.12498
1.125
1.12502
1.12504
1.12506
1.12508
1.1251
1.12512
1.12514
1.12516
1.12518
1.1252
1.12522
1.12524
1.12526
1.12528
1.1253
1.12532
1.12534
1.12536
1.12538
1.1254
1.12542
1.12544
1.12546
1.12548
1.1255
1.12552
1.12554
1.12556
1.12558
1.1256
1.12562
1.12564
1.12566
1.12568
1.1257
1.12572
1.12574
1.12576
1.12578
1.1258
1.12582
1.12585
1.12587
1.12589
1.12591
1.12593
1.12595
1.12597
1.12599
1.12601
1.12603
1.12605
1.12607
1.12609
1.12611
1.12613
1.12615
1.12617
1.12619
1.12622
1.12624
1.12626
1.12628
1.1263
1.12632
1.12634
1.12636
1.12638
1.1264
1.12642
1.12644
1.12647
1.12649
1.12651
1.12653
1.12655
1.12657
1.12659
1.12661
1.12663
1.12665
1.12668
1.1267
1.12672
1.12674
1.12676
1.12678
1.1268
1.12682
1.12685
1.12687
1.12689
1.12691
1.12693
1.12695
1.12697
1.127
1.12702
1.12704
1.12706
1.12708
1.1271
1.12712
1.12715
1.12717
1.12719
1.12721
1.12723
1.12725
1.12727
1.1273
1.12732
1.12734
1.12736
1.12738
1.12741
1.12743
1.12745
1.12747
1.12749
1.12751
1.12754
1.12756
1.12758
1.1276
1.12762
1.12765
1.12767
1.12769
1.12771
1.12773
1.12776
1.12778
1.1278
1.12782
1.12784
1.12787
1.12789
1.12791
1.12793
1.12796
1.12798
1.128
1.12802
1.12804
1.12807
1.12809
1.12811
1.12813
1.12816
1.12818
1.1282
1.12822
1.12825
1.12827
1.12829
1.12831
1.12834
1.12836
1.12838
1.1284
1.12843
1.12845
1.12847
1.1285
1.12852
1.12854
1.12856
1.12859
1.12861
1.12863
1.12866
1.12868
1.1287
1.12872
1.12875
1.12877
1.12879
1.12882
1.12884
1.12886
1.12888
1.12891
1.12893
1.12895
1.12898
1.129
1.12902
1.12905
1.12907
1.12909
1.12912
1.12914
1.12916
1.12919
1.12921
1.12923
1.12926
1.12928
1.1293
1.12933
1.12935
1.12937
1.1294
1.12942
1.12944
1.12947
1.12949
1.12952
1.12954
1.12956
1.12959
1.12961
1.12963
1.12966
1.12968
1.12971
1.12973
1.12975
1.12978
1.1298
1.12982
1.12985
1.12987
1.1299
1.12992
1.12994
1.12997
1.12999
1.13002
1.13004
1.13006
1.13009
1.13011
1.13014
1.13016
1.13019
1.13021
1.13023
1.13026
1.13028
1.13031
1.13033
1.13036
1.13038
1.1304
1.13043
1.13045
1.13048
1.1305
1.13053
1.13055
1.13058
1.1306
1.13063
1.13065
1.13067
1.1307
1.13072
1.13075
1.13077
1.1308
1.13082
1.13085
1.13087
1.1309
1.13092
1.13095
1.13097
1.131
1.13102
1.13105
1.13107
1.1311
1.13112
1.13115
1.13117
1.1312
1.13122
1.13125
1.13127
1.1313
1.13132
1.13135
1.13137
1.1314
1.13143
1.13145
1.13148
1.1315
1.13153
1.13155
1.13158
1.1316
1.13163
1.13165
1.13168
1.13171
1.13173
1.13176
1.13178
1.13181
1.13183
1.13186
1.13189
1.13191
1.13194
1.13196
1.13199
1.13201
1.13204
1.13207
1.13209
1.13212
1.13214
1.13217
1.1322
1.13222
1.13225
1.13227
1.1323
1.13233
1.13235
1.13238
1.1324
1.13243
1.13246
1.13248
1.13251
1.13254
1.13256
1.13259
1.13262
1.13264
1.13267
1.13269
1.13272
1.13275
1.13277
1.1328
1.13283
1.13285
1.13288
1.13291
1.13293
1.13296
1.13299
1.13301
1.13304
1.13307
1.13309
1.13312
1.13315
1.13318
1.1332
1.13323
1.13326
1.13328
1.13331
1.13334
1.13336
1.13339
1.13342
1.13345
1.13347
1.1335
1.13353
1.13355
1.13358
1.13361
1.13364
1.13366
1.13369
1.13372
1.13375
1.13377
1.1338
1.13383
1.13386
1.13388
1.13391
1.13394
1.13397
1.13399
1.13402
1.13405
1.13408
1.1341
1.13413
1.13416
1.13419
1.13422
1.13424
1.13427
1.1343
1.13433
1.13435
1.13438
1.13441
1.13444
1.13447
1.1345
1.13452
1.13455
1.13458
1.13461
1.13464
1.13466
1.13469
1.13472
1.13475
1.13478
1.13481
1.13483
1.13486
1.13489
1.13492
1.13495
1.13498
1.135
1.13503
1.13506
1.13509
1.13512
1.13515
1.13518
1.13521
1.13523
1.13526
1.13529
1.13532
1.13535
1.13538
1.13541
1.13544
1.13546
1.13549
1.13552
1.13555
1.13558
1.13561
1.13564
1.13567
1.1357
1.13573
1.13576
1.13579
1.13581
1.13584
1.13587
1.1359
1.13593
1.13596
1.13599
1.13602
1.13605
1.13608
1.13611
1.13614
1.13617
1.1362
1.13623
1.13626
1.13629
1.13632
1.13635
1.13638
1.13641
1.13644
1.13646
1.13649
1.13652
1.13655
1.13658
1.13661
1.13664
1.13667
1.1367
1.13673
1.13677
1.1368
1.13683
1.13686
1.13689
1.13692
1.13695
1.13698
1.13701
1.13704
1.13707
1.1371
1.13713
1.13716
1.13719
1.13722
1.13725
1.13728
1.13731
1.13734
1.13737
1.1374
1.13743
1.13747
1.1375
1.13753
1.13756
1.13759
1.13762
1.13765
1.13768
1.13771
1.13774
1.13777
1.13781
1.13784
1.13787
1.1379
1.13793
1.13796
1.13799
1.13802
1.13806
1.13809
1.13812
1.13815
1.13818
1.13821
1.13824
1.13828
1.13831
1.13834
1.13837
1.1384
1.13843
1.13847
1.1385
1.13853
1.13856
1.13859
1.13862
1.13866
1.13869
1.13872
1.13875
1.13878
1.13882
1.13885
1.13888
1.13891
1.13894
1.13898
1.13901
1.13904
1.13907
1.13911
1.13914
1.13917
1.1392
1.13923
1.13927
1.1393
1.13933
1.13936
1.1394
1.13943
1.13946
1.1395
1.13953
1.13956
1.13959
1.13963
1.13966
1.13969
1.13972
1.13976
1.13979
1.13982
1.13986
1.13989
1.13992
1.13996
1.13999
1.14002
1.14005
1.14009
1.14012
1.14015
1.14019
1.14022
1.14025
1.14029
1.14032
1.14036
1.14039
1.14042
1.14046
1.14049
1.14052
1.14056
1.14059
1.14062
1.14066
1.14069
1.14073
1.14076
1.14079
1.14083
1.14086
1.1409
1.14093
1.14096
1.141
1.14103
1.14107
1.1411
1.14113
1.14117
1.1412
1.14124
1.14127
1.14131
1.14134
1.14137
1.14141
1.14144
1.14148
1.14151
1.14155
1.14158
1.14162
1.14165
1.14169
1.14172
1.14176
1.14179
1.14183
1.14186
1.1419
1.14193
1.14197
1.142
1.14204
1.14207
1.14211
1.14214
1.14218
1.14221
1.14225
1.14228
1.14232
1.14235
1.14239
1.14242
1.14246
1.1425
1.14253
1.14257
1.1426
1.14264
1.14267
1.14271
1.14275
1.14278
1.14282
1.14285
1.14289
1.14292
1.14296
1.143
1.14303
1.14307
1.14311
1.14314
1.14318
1.14321
1.14325
1.14329
1.14332
1.14336
1.1434
1.14343
1.14347
1.14351
1.14354
1.14358
1.14362
1.14365
1.14369
1.14373
1.14376
1.1438
1.14384
1.14387
1.14391
1.14395
1.14399
1.14402
1.14406
1.1441
1.14413
1.14417
1.14421
1.14425
1.14428
1.14432
1.14436
1.1444
1.14443
1.14447
1.14451
1.14455
1.14458
1.14462
1.14466
1.1447
1.14474
1.14477
1.14481
1.14485
1.14489
1.14493
1.14496
1.145
1.14504
1.14508
1.14512
1.14516
1.14519
1.14523
1.14527
1.14531
1.14535
1.14539
1.14542
1.14546
1.1455
1.14554
1.14558
1.14562
1.14566
1.1457
1.14574
1.14577
1.14581
1.14585
1.14589
1.14593
1.14597
1.14601
1.14605
1.14609
1.14613
1.14617
1.14621
1.14625
1.14629
1.14633
1.14636
1.1464
1.14644
1.14648
1.14652
1.14656
1.1466
1.14664
1.14668
1.14672
1.14676
1.1468
1.14684
1.14688
1.14692
1.14697
1.14701
1.14705
1.14709
1.14713
1.14717
1.14721
1.14725
1.14729
1.14733
1.14737
1.14741
1.14745
1.14749
1.14754
1.14758
1.14762
1.14766
1.1477
1.14774
1.14778
1.14782
1.14787
1.14791
1.14795
1.14799
1.14803
1.14807
1.14811
1.14816
1.1482
1.14824
1.14828
1.14832
1.14837
1.14841
1.14845
1.14849
1.14853
1.14858
1.14862
1.14866
1.1487
1.14875
1.14879
1.14883
1.14887
1.14892
1.14896
1.149
1.14904
1.14909
1.14913
1.14917
1.14922
1.14926
1.1493
1.14935
1.14939
1.14943
1.14948
1.14952
1.14956
1.14961
1.14965
1.14969
1.14974
1.14978
1.14982
1.14987
1.14991
1.14996
1.15
1.15004
1.15009
1.15013
1.15018
1.15022
1.15026
1.15031
1.15035
1.1504
1.15044
1.15049
1.15053
1.15058
1.15062
1.15067
1.15071
1.15076
1.1508
1.15085
1.15089
1.15094
1.15098
1.15103
1.15107
1.15112
1.15116
1.15121
1.15125
1.1513
1.15135
1.15139
1.15144
1.15148
1.15153
1.15158
1.15162
1.15167
1.15171
1.15176
1.15181
1.15185
1.1519
1.15195
1.15199
1.15204
1.15209
1.15213
1.15218
1.15223
1.15227
1.15232
1.15237
1.15241
1.15246
1.15251
1.15256
1.1526
1.15265
1.1527
1.15275
1.15279
1.15284
1.15289
1.15294
1.15299
1.15303
1.15308
1.15313
1.15318
1.15323
1.15327
1.15332
1.15337
1.15342
1.15347
1.15352
1.15357
1.15361
1.15366
1.15371
1.15376
1.15381
1.15386
1.15391
1.15396
1.15401
1.15406
1.15411
1.15416
1.15421
1.15426
1.1543
1.15435
1.1544
1.15445
1.1545
1.15455
1.15461
1.15466
1.15471
1.15476
1.15481
1.15486
1.15491
1.15496
1.15501
1.15506
1.15511
1.15516
1.15521
1.15526
1.15532
1.15537
1.15542
1.15547
1.15552
1.15557
1.15562
1.15568
1.15573
1.15578
1.15583
1.15588
1.15594
1.15599
1.15604
1.15609
1.15615
1.1562
1.15625
1.1563
1.15636
1.15641
1.15646
1.15652
1.15657
1.15662
1.15668
1.15673
1.15678
1.15684
1.15689
1.15694
1.157
1.15705
1.1571
1.15716
1.15721
1.15727
1.15732
1.15738
1.15743
1.15748
1.15754
1.15759
1.15765
1.1577
1.15776
1.15781
1.15787
1.15792
1.15798
1.15804
1.15809
1.15815
1.1582
1.15826
1.15831
1.15837
1.15843
1.15848
1.15854
1.15859
1.15865
1.15871
1.15876
1.15882
1.15888
1.15893
1.15899
1.15905
1.15911
1.15916
1.15922
1.15928
1.15933
1.15939
1.15945
1.15951
1.15957
1.15962
1.15968
1.15974
1.1598
1.15986
1.15991
1.15997
1.16003
1.16009
1.16015
1.16021
1.16027
1.16033
1.16039
1.16045
1.1605
1.16056
1.16062
1.16068
1.16074
1.1608
1.16086
1.16092
1.16098
1.16104
1.16111
1.16117
1.16123
1.16129
1.16135
1.16141
1.16147
1.16153
1.16159
1.16165
1.16172
1.16178
1.16184
1.1619
1.16196
1.16202
1.16209
1.16215
1.16221
1.16227
1.16234
1.1624
1.16246
1.16252
1.16259
1.16265
1.16271
1.16278
1.16284
1.1629
1.16297
1.16303
1.1631
1.16316
1.16322
1.16329
1.16335
1.16342
1.16348
1.16355
1.16361
1.16368
1.16374
1.16381
1.16387
1.16394
1.164
1.16407
1.16413
1.1642
1.16427
1.16433
1.1644
1.16447
1.16453
1.1646
1.16467
1.16473
1.1648
1.16487
1.16493
1.165
1.16507
1.16514
1.1652
1.16527
1.16534
1.16541
1.16548
1.16554
1.16561
1.16568
1.16575
1.16582
1.16589
1.16596
1.16603
1.1661
1.16617
1.16624
1.16631
1.16638
1.16645
1.16652
1.16659
1.16666
1.16673
1.1668
1.16687
1.16694
1.16701
1.16708
1.16715
1.16722
1.1673
1.16737
1.16744
1.16751
1.16758
1.16766
1.16773
1.1678
1.16787
1.16795
1.16802
1.16809
1.16817
1.16824
1.16831
1.16839
1.16846
1.16854
1.16861
1.16868
1.16876
1.16883
1.16891
1.16898
1.16906
1.16913
1.16921
1.16928
1.16936
1.16944
1.16951
1.16959
1.16966
1.16974
1.16982
1.16989
1.16997
1.17005
1.17012
1.1702
1.17028
1.17036
1.17044
1.17051
1.17059
1.17067
1.17075
1.17083
1.17091
1.17098
1.17106
1.17114
1.17122
1.1713
1.17138
1.17146
1.17154
1.17162
1.1717
1.17178
1.17186
1.17194
1.17202
1.17211
1.17219
1.17227
1.17235
1.17243
1.17251
1.1726
1.17268
1.17276
1.17284
1.17293
1.17301
1.17309
1.17318
1.17326
1.17334
1.17343
1.17351
1.17359
1.17368
1.17376
1.17385
1.17393
1.17402
1.1741
1.17419
1.17427
1.17436
1.17445
1.17453
1.17462
1.1747
1.17479
1.17488
1.17496
1.17505
1.17514
1.17523
1.17531
1.1754
1.17549
1.17558
1.17567
1.17576
1.17585
1.17593
1.17602
1.17611
1.1762
1.17629
1.17638
1.17647
1.17656
1.17665
1.17674
1.17683
1.17693
1.17702
1.17711
1.1772
1.17729
1.17738
1.17748
1.17757
1.17766
1.17775
1.17785
1.17794
1.17803
1.17813
1.17822
1.17832
1.17841
1.1785
1.1786
1.17869
1.17879
1.17888
1.17898
1.17908
1.17917
1.17927
1.17936
1.17946
1.17956
1.17965
1.17975
1.17985
1.17995
1.18004
1.18014
1.18024
1.18034
1.18044
1.18053
1.18063
1.18073
1.18083
1.18093
1.18103
1.18113
1.18123
1.18133
1.18143
1.18153
1.18164
1.18174
1.18184
1.18194
1.18204
1.18214
1.18225
1.18235
1.18245
1.18256
1.18266
1.18276
1.18287
1.18297
1.18307
1.18318
1.18328
1.18339
1.18349
1.1836
1.18371
1.18381
1.18392
1.18402
1.18413
1.18424
1.18434
1.18445
1.18456
1.18467
1.18477
1.18488
1.18499
1.1851
1.18521
1.18532
1.18543
1.18554
1.18565
1.18576
1.18587
1.18598
1.18609
1.1862
1.18631
1.18642
1.18653
1.18665
1.18676
1.18687
1.18698
1.1871
1.18721
1.18732
1.18744
1.18755
1.18767
1.18778
1.18789
1.18801
1.18812
1.18824
1.18836
1.18847
1.18859
1.18871
1.18882
1.18894
1.18906
1.18917
1.18929
1.18941
1.18953
1.18965
1.18977
1.18988
1.19
1.19012
1.19024
1.19036
1.19048
1.19061
1.19073
1.19085
1.19097
1.19109
1.19121
1.19133
1.19146
1.19158
1.1917
1.19183
1.19195
1.19207
1.1922
1.19232
1.19245
1.19257
1.1927
1.19282
1.19295
1.19308
1.1932
1.19333
1.19346
1.19358
1.19371
1.19384
1.19397
1.19409
1.19422
1.19435
1.19448
1.19461
1.19474
1.19487
1.195
1.19513
1.19526
1.19539
1.19553
1.19566
1.19579
1.19592
1.19605
1.19619
1.19632
1.19645
1.19659
1.19672
1.19686
1.19699
1.19713
1.19726
1.1974
1.19753
1.19767
1.19781
1.19794
1.19808
1.19822
1.19835
1.19849
1.19863
1.19877
1.19891
1.19905
1.19919
1.19933
1.19947
1.19961
1.19975
1.19989
1.20003
1.20017
1.20031
1.20046
1.2006
1.20074
1.20089
1.20103
1.20117
1.20132
1.20146
1.20161
1.20175
1.2019
1.20204
1.20219
1.20233
1.20248
1.20263
1.20278
1.20292
1.20307
1.20322
1.20337
1.20352
1.20367
1.20382
1.20397
1.20412
1.20427
1.20442
1.20457
1.20472
1.20487
1.20502
1.20518
1.20533
1.20548
1.20564
1.20579
1.20595
1.2061
1.20625
1.20641
1.20657
1.20672
1.20688
1.20703
1.20719
1.20735
1.20751
1.20766
1.20782
1.20798
1.20814
1.2083
1.20846
1.20862
1.20878
1.20894
1.2091
1.20926
1.20942
1.20959
1.20975
1.20991
1.21007
1.21024
1.2104
1.21057
1.21073
1.21089
1.21106
1.21123
1.21139
1.21156
1.21172
1.21189
1.21206
1.21223
1.21239
1.21256
1.21273
1.2129
1.21307
1.21324
1.21341
1.21358
1.21375
1.21392
1.2141
1.21427
1.21444
1.21461
1.21479
1.21496
1.21513
1.21531
1.21548
1.21566
1.21583
1.21601
1.21618
1.21636
1.21654
1.21671
1.21689
1.21707
1.21725
1.21743
1.21761
1.21779
1.21797
1.21815
1.21833
1.21851
1.21869
1.21887
1.21905
1.21923
1.21942
1.2196
1.21978
1.21997
1.22015
1.22034
1.22052
1.22071
1.22089
1.22108
1.22127
1.22145
1.22164
1.22183
1.22202
1.22221
1.2224
1.22259
1.22278
1.22297
1.22316
1.22335
1.22354
1.22373
1.22392
1.22412
1.22431
1.2245
1.2247
1.22489
1.22508
1.22528
1.22547
1.22567
1.22587
1.22606
1.22626
1.22646
1.22666
1.22685
1.22705
1.22725
1.22745
1.22765
1.22785
1.22805
1.22825
1.22845
1.22866
1.22886
1.22906
1.22926
1.22947
1.22967
1.22987
1.23008
1.23028
1.23049
1.2307
1.2309
1.23111
1.23132
1.23152
1.23173
1.23194
1.23215
1.23236
1.23257
1.23278
1.23299
1.2332
1.23341
1.23362
1.23383
1.23405
1.23426
1.23447
1.23469
1.2349
1.23512
1.23533
1.23555
1.23576
1.23598
1.23619
1.23641
1.23663
1.23685
1.23707
1.23728
1.2375
1.23772
1.23794
1.23816
1.23839
1.23861
1.23883
1.23905
1.23927
1.2395
1.23972
1.23994
1.24017
1.24039
1.24062
1.24084
1.24107
1.2413
1.24152
1.24175
1.24198
1.24221
1.24244
1.24267
1.24289
1.24312
1.24336
1.24359
1.24382
1.24405
1.24428
1.24451
1.24475
1.24498
1.24521
1.24545
1.24568
1.24592
1.24615
1.24639
1.24663
1.24686
1.2471
1.24734
1.24758
1.24782
1.24806
1.2483
1.24854
1.24878
1.24902
1.24926
1.2495
1.24974
1.24998
1.25023
1.25047
1.25072
1.25096
1.2512
1.25145
1.2517
1.25194
1.25219
1.25244
1.25268
1.25293
1.25318
1.25343
1.25368
1.25393
1.25418
1.25443
1.25468
1.25493
1.25518
1.25544
1.25569
1.25594
1.2562
1.25645
1.2567
1.25696
1.25721
1.25747
1.25773
1.25798
1.25824
1.2585
1.25876
1.25902
1.25928
1.25953
1.25979
1.26005
1.26032
1.26058
1.26084
1.2611
1.26136
1.26163
1.26189
1.26215
1.26242
1.26268
1.26295
1.26321
1.26348
1.26375
1.26402
1.26428
1.26455
1.26482
1.26509
1.26536
1.26563
1.2659
1.26617
1.26644
1.26671
1.26698
1.26726
1.26753
1.2678
1.26808
1.26835
1.26862
1.2689
1.26918
1.26945
1.26973
1.27
1.27028
1.27056
1.27084
1.27112
1.2714
1.27168
1.27196
1.27224
1.27252
1.2728
1.27308
1.27336
1.27365
1.27393
1.27421
1.2745
1.27478
1.27507
1.27535
1.27564
1.27592
1.27621
1.2765
1.27678
1.27707
1.27736
1.27765
1.27794
1.27823
1.27852
1.27881
1.2791
1.27939
1.27969
1.27998
1.28027
1.28056
1.28086
1.28115
1.28145
1.28174
1.28204
1.28233
1.28263
1.28293
1.28322
1.28352
1.28382
1.28412
1.28442
1.28472
1.28502
1.28532
1.28562
1.28592
1.28622
1.28652
1.28682
1.28713
1.28743
1.28774
1.28804
1.28834
1.28865
1.28895
1.28926
1.28957
1.28987
1.29018
1.29049
1.2908
1.29111
1.29141
1.29172
1.29203
1.29234
1.29265
1.29297
1.29328
1.29359
1.2939
1.29421
1.29453
1.29484
1.29516
1.29547
1.29578
1.2961
1.29642
1.29673
1.29705
1.29737
1.29768
1.298
1.29832
1.29864
1.29896
1.29928
1.2996
1.29992
1.30024
1.30056
1.30088
1.3012
1.30153
1.30185
1.30217
1.3025
1.30282
1.30314
1.30347
1.30379
1.30412
1.30445
1.30477
1.3051
1.30543
1.30576
1.30608
1.30641
1.30674
1.30707
1.3074
1.30773
1.30806
1.30839
1.30872
1.30906
1.30939
1.30972
1.31005
1.31039
1.31072
1.31106
1.31139
1.31173
1.31206
1.3124
1.31273
1.31307
1.31341
1.31374
1.31408
1.31442
1.31476
1.3151
1.31544
1.31578
1.31612
1.31646
1.3168
1.31714
1.31748
1.31782
1.31817
1.31851
1.31885
1.3192
1.31954
1.31989
1.32023
1.32058
1.32092
1.32127
1.32161
1.32196
1.32231
1.32266
1.323
1.32335
1.3237
1.32405
1.3244
1.32475
1.3251
1.32545
1.3258
1.32615
1.3265
1.32686
1.32721
1.32756
1.32791
1.32827
1.32862
1.32898
1.32933
1.32969
1.33004
1.3304
1.33075
1.33111
1.33147
1.33182
1.33218
1.33254
1.3329
1.33326
1.33362
1.33398
1.33434
1.3347
1.33506
1.33542
1.33578
1.33614
1.3365
1.33686
1.33723
1.33759
1.33795
1.33832
1.33868
1.33905
1.33941
1.33978
1.34014
1.34051
1.34087
1.34124
1.34161
1.34198
1.34234
1.34271
1.34308
1.34345
1.34382
1.34419
1.34456
1.34493
1.3453
1.34567
1.34604
1.34641
1.34678
1.34715
1.34753
1.3479
1.34827
1.34865
1.34902
1.34939
1.34977
1.35014
1.35052
1.35089
1.35127
1.35165
1.35202
1.3524
1.35278
1.35316
1.35353
1.35391
1.35429
1.35467
1.35505
1.35543
1.35581
1.35619
1.35657
1.35695
1.35733
1.35771
1.3581
1.35848
1.35886
1.35924
1.35963
1.36001
1.36039
1.36078
1.36116
1.36155
1.36193
1.36232
1.36271
1.36309
1.36348
1.36387
1.36425
1.36464
1.36503
1.36542
1.3658
1.36619
1.36658
1.36697
1.36736
1.36775
1.36814
1.36853
1.36893
1.36932
1.36971
1.3701
1.37049
1.37089
1.37128
1.37167
1.37207
1.37246
1.37285
1.37325
1.37364
1.37404
1.37444
1.37483
1.37523
1.37562
1.37602
1.37642
1.37682
1.37721
1.37761
1.37801
1.37841
1.37881
1.37921
1.37961
1.38001
1.38041
1.38081
1.38121
1.38161
1.38202
1.38242
1.38282
1.38322
1.38363
1.38403
1.38443
1.38484
1.38524
1.38565
1.38605
1.38646
1.38686
1.38727
1.38767
1.38808
1.38849
1.3889
1.3893
1.38971
1.39012
1.39053
1.39094
1.39135
1.39176
1.39217
1.39258
1.39299
1.3934
1.39381
1.39422
1.39463
1.39504
1.39546
1.39587
1.39628
1.3967
1.39711
1.39752
1.39794
1.39835
1.39877
1.39918
1.3996
1.40002
1.40043
1.40085
1.40127
1.40168
1.4021
1.40252
1.40294
1.40336
1.40378
1.4042
1.40462
1.40504
1.40546
1.40588
1.4063
1.40672
1.40714
1.40756
1.40799
1.40841
1.40883
1.40925
1.40968
1.4101
1.41053
1.41095
1.41138
1.4118
1.41223
1.41265
1.41308
1.41351
1.41394
1.41436
1.41479
1.41522
1.41565
1.41608
1.41651
1.41694
1.41737
1.4178
1.41823
1.41866
1.41909
1.41952
1.41995
1.42038
1.42082
1.42125
1.42168
1.42212
1.42255
1.42299
1.42342
1.42386
1.42429
1.42473
1.42516
1.4256
1.42604
1.42648
1.42691
1.42735
1.42779
1.42823
1.42867
1.42911
1.42955
1.42999
1.43043
1.43087
1.43131
1.43175
1.43219
1.43264
1.43308
1.43352
1.43397
1.43441
1.43485
1.4353
1.43574
1.43619
1.43664
1.43708
1.43753
1.43798
1.43842
1.43887
1.43932
1.43977
1.44022
1.44066
1.44111
1.44156
1.44201
1.44247
1.44292
1.44337
1.44382
1.44427
1.44472
1.44518
1.44563
1.44608
1.44654
1.44699
1.44745
1.4479
1.44836
1.44882
1.44927
1.44973
1.45019
1.45064
1.4511
1.45156
1.45202
1.45248
1.45294
1.4534
1.45386
1.45432
1.45478
1.45524
1.45571
1.45617
1.45663
1.45709
1.45756
1.45802
1.45849
1.45895
1.45942
1.45988
1.46035
1.46081
1.46128
1.46175
1.46222
1.46269
1.46315
1.46362
1.46409
1.46456
1.46503
1.4655
1.46597
1.46645
1.46692
1.46739
1.46786
1.46834
1.46881
1.46928
1.46976
1.47023
1.47071
1.47118
1.47166
1.47214
1.47261
1.47309
1.47357
1.47405
1.47453
1.475
1.47548
1.47596
1.47644
1.47693
1.47741
1.47789
1.47837
1.47885
1.47934
1.47982
1.4803
1.48079
1.48127
1.48176
1.48224
1.48273
1.48322
1.4837
1.48419
1.48468
1.48517
1.48565
1.48614
1.48663
1.48712
1.48761
1.4881
1.48859
1.48909
1.48958
1.49007
1.49056
1.49106
1.49155
1.49205
1.49254
1.49304
1.49353
1.49403
1.49452
1.49502
1.49552
1.49602
1.49651
1.49701
1.49751
1.49801
1.49851
1.49901
1.49951
1.50001
1.50052
1.50102
1.50152
1.50202
1.50253
1.50303
1.50354
1.50404
1.50455
1.50505
1.50556
1.50607
1.50657
1.50708
1.50759
1.5081
1.50861
1.50912
1.50963
1.51014
1.51065
1.51116
1.51167
1.51218
1.5127
1.51321
1.51372
1.51424
1.51475
1.51527
1.51578
1.5163
1.51681
1.51733
1.51785
1.51836
1.51888
1.5194
1.51992
1.52044
1.52096
1.52148
1.522
1.52252
1.52304
1.52356
1.52409
1.52461
1.52513
1.52566
1.52618
1.52671
1.52723
1.52776
1.52828
1.52881
1.52934
1.52986
1.53039
1.53092
1.53145
1.53198
1.53251
1.53304
1.53357
1.5341
1.53463
1.53516
1.53569
1.53623
1.53676
1.53729
1.53783
1.53836
1.5389
1.53943
1.53997
1.54051
1.54104
1.54158
1.54212
1.54266
1.54319
1.54373
1.54427
1.54481
1.54535
1.54589
1.54643
1.54698
1.54752
1.54806
1.5486
1.54915
1.54969
1.55024
1.55078
1.55133
1.55187
1.55242
1.55296
1.55351
1.55406
1.55461
1.55515
1.5557
1.55625
1.5568
1.55735
1.5579
1.55845
1.559
1.55956
1.56011
1.56066
1.56121
1.56177
1.56232
1.56287
1.56343
1.56398
1.56454
1.5651
1.56565
1.56621
1.56677
1.56732
1.56788
1.56844
1.569
1.56956
1.57012
1.57068
1.57124
1.5718
1.57236
1.57292
1.57349
1.57405
1.57461
1.57518
1.57574
1.5763
1.57687
1.57743
1.578
1.57857
1.57913
1.5797
1.58027
1.58083
1.5814
1.58197
1.58254
1.58311
1.58368
1.58425
1.58482
1.58539
1.58596
1.58653
1.58711
1.58768
1.58825
1.58883
1.5894
1.58997
1.59055
1.59112
1.5917
1.59227
1.59285
1.59343
1.594
1.59458
1.59516
1.59574
1.59632
1.5969
1.59748
1.59806
1.59864
1.59922
1.5998
1.60038
1.60096
1.60154
1.60213
1.60271
1.60329
1.60388
1.60446
1.60504
1.60563
1.60621
1.6068
1.60739
1.60797
1.60856
1.60915
1.60973
1.61032
1.61091
1.6115
1.61209
1.61268
1.61327
1.61386
1.61445
1.61504
1.61563
1.61622
1.61682
1.61741
1.618
1.61859
1.61919
1.61978
1.62038
1.62097
1.62157
1.62216
1.62276
1.62335
1.62395
1.62455
1.62514
1.62574
1.62634
1.62694
1.62754
1.62814
1.62874
1.62934
1.62994
1.63054
1.63114
1.63174
1.63234
1.63294
1.63354
1.63415
1.63475
1.63535
1.63596
1.63656
1.63717
1.63777
1.63838
1.63898
1.63959
1.64019
1.6408
1.64141
1.64202
1.64262
1.64323
1.64384
1.64445
1.64506
1.64567
1.64628
1.64689
1.6475
1.64811
1.64872
1.64933
1.64994
1.65055
1.65117
1.65178
1.65239
1.65301
1.65362
1.65423
1.65485
1.65546
1.65608
1.65669
1.65731
1.65793
1.65854
1.65916
1.65978
1.6604
1.66101
1.66163
1.66225
1.66287
1.66349
1.66411
1.66473
1.66535
1.66597
1.66659
1.66721
1.66783
1.66845
1.66908
1.6697
1.67032
1.67094
1.67157
1.67219
1.67282
1.67344
1.67407
1.67469
1.67532
1.67594
1.67657
1.67719
1.67782
1.67845
1.67908
1.6797
1.68033
1.68096
1.68159
1.68222
1.68285
1.68348
1.68411
1.68474
1.68537
1.686
1.68663
1.68726
1.68789
1.68853
1.68916
1.68979
1.69043
1.69106
1.69169
1.69233
1.69296
1.6936
1.69423
1.69487
1.6955
1.69614
1.69678
1.69741
1.69805
1.69869
1.69933
1.69996
1.7006
1.70124
1.70188
1.70252
1.70316
1.7038
1.70444
1.70508
1.70572
1.70636
1.70701
1.70765
1.70829
1.70893
1.70958
1.71022
1.71086
1.71151
1.71215
1.7128
1.71344
1.71409
1.71473
1.71538
1.71603
1.71667
1.71732
1.71797
1.71861
1.71926
1.71991
1.72056
1.72121
1.72186
1.72251
1.72316
1.72381
1.72446
1.72511
1.72576
1.72641
1.72707
1.72772
1.72837
1.72902
1.72968
1.73033
1.73099
1.73164
1.7323
1.73295
1.73361
1.73426
1.73492
1.73558
1.73623
1.73689
1.73755
1.73821
1.73886
1.73952
1.74018
1.74084
1.7415
1.74216
1.74282
1.74348
1.74415
1.74481
1.74547
1.74613
1.74679
1.74746
1.74812
1.74879
1.74945
1.75011
1.75078
1.75145
1.75211
1.75278
1.75344
1.75411
1.75478
1.75545
1.75611
1.75678
1.75745
1.75812
1.75879
1.75946
1.76013
1.7608
1.76147
1.76215
1.76282
1.76349
1.76416
1.76484
1.76551
1.76618
1.76686
1.76753
1.76821
1.76889
1.76956
1.77024
1.77091
1.77159
1.77227
1.77295
1.77363
1.77431
1.77499
1.77567
1.77635
1.77703
1.77771
1.77839
1.77907
1.77975
1.78044
1.78112
1.7818
1.78249
1.78317
1.78386
1.78454
1.78523
1.78591
1.7866
1.78729
1.78798
1.78866
1.78935
1.79004
1.79073
1.79142
1.79211
1.7928
1.79349
1.79418
1.79488
1.79557
1.79626
1.79695
1.79765
1.79834
1.79904
1.79973
1.80043
1.80112
1.80182
1.80252
1.80321
1.80391
1.80461
1.80531
1.80601
1.80671
1.80741
1.80811
1.80881
1.80951
1.81021
1.81092
1.81162
1.81232
1.81303
1.81373
1.81443
1.81514
1.81585
1.81655
1.81726
1.81796
1.81867
1.81938
1.82009
1.8208
1.82151
1.82222
1.82293
1.82364
1.82435
1.82506
1.82577
1.82648
1.8272
1.82791
1.82862
1.82934
1.83005
1.83077
1.83148
1.8322
1.83291
1.83363
1.83435
1.83507
1.83578
1.8365
1.83722
1.83794
1.83866
1.83938
1.8401
1.84082
1.84154
1.84227
1.84299
1.84371
1.84443
1.84516
1.84588
1.84661
1.84733
1.84806
1.84878
1.84951
1.85024
1.85096
1.85169
1.85242
1.85315
1.85387
1.8546
1.85533
1.85606
1.85679
1.85752
1.85825
1.85898
1.85971
1.86045
1.86118
1.86191
1.86264
1.86338
1.86411
1.86484
1.86558
1.86631
1.86705
1.86778
1.86852
1.86926
1.86999
1.87073
1.87146
1.8722
1.87294
1.87368
1.87441
1.87515
1.87589
1.87663
1.87737
1.87811
1.87885
1.87959
1.88033
1.88107
1.88181
1.88255
1.88329
1.88403
1.88477
1.88552
1.88626
1.887
1.88774
1.88848
1.88923
1.88997
1.89071
1.89146
1.8922
1.89294
1.89369
1.89443
1.89518
1.89592
1.89666
1.89741
1.89815
1.8989
1.89964
1.90039
1.90113
1.90188
1.90262
1.90337
1.90411
1.90486
1.9056
1.90635
1.90709
1.90784
1.90858
1.90933
1.91007
1.91082
1.91156
1.91231
1.91306
1.9138
1.91455
1.91529
1.91604
1.91678
1.91753
1.91827
1.91902
1.91976
1.9205
1.92125
1.92199
1.92274
1.92348
1.92423
1.92497
1.92571
1.92646
1.9272
1.92794
1.92868
1.92943
1.93017
1.93091
1.93165
1.93239
1.93314
1.93388
1.93462
1.93536
1.9361
1.93684
1.93758
1.93832
1.93906
1.93979
1.94053
1.94127
1.94201
1.94275
1.94348
1.94422
1.94495
1.94569
1.94642
1.94716
1.94789
1.94863
1.94936
1.95009
1.95082
1.95156
1.95229
1.95302
1.95375
1.95448
1.95521
1.95594
1.95666
1.95739
1.95812
1.95884
1.95957
1.96029
1.96102
1.96174
1.96247
1.96319
1.96391
1.96463
1.96535
1.96607
1.96679
1.96751
1.96822
1.96894
1.96966
1.97037
1.97109
1.9718
1.97251
1.97322
1.97393
1.97464
1.97535
1.97606
1.97677
1.97748
1.97818
1.97889
1.97959
1.9803
1.981
1.9817
1.9824
1.9831
1.9838
1.9845
1.98519
1.98589
1.98658
1.98728
1.98797
1.98866
1.98935
1.99004
1.99073
1.99141
1.9921
1.99279
1.99347
1.99415
1.99483
1.99551
1.99619
1.99687
1.99755
1.99823
1.9989
1.99957
2.00025
2.00092
2.00159
2.00226
2.00292
2.00359
2.00425
2.00492
2.00558
2.00624
2.0069
2.00756
2.00822
2.00887
2.00953
2.01018
2.01083
2.01148
2.01213
2.01278
2.01343
2.01407
2.01471
2.01536
2.016
2.01664
2.01727
2.01791
2.01855
2.01918
2.01981
2.02044
2.02107
2.0217
2.02233
2.02295
2.02357
2.02419
2.02481
2.02543
2.02605
2.02667
2.02728
2.02789
2.0285
2.02911
2.02972
2.03033
2.03093
2.03153
2.03213
2.03273
2.03333
2.03393
2.03452
2.03512
2.03571
2.0363
2.03689
2.03747
2.03806
2.03864
2.03922
2.0398
2.04038
2.04096
2.04153
2.04211
2.04268
2.04325
2.04381
2.04438
2.04495
2.04551
2.04607
2.04663
2.04719
2.04774
2.0483
2.04885
2.0494
2.04995
2.0505
2.05104
2.05158
2.05213
2.05267
2.0532
2.05374
2.05428
2.05481
2.05534
2.05587
2.0564
2.05692
2.05745
2.05797
2.05849
2.05901
2.05952
2.06004
2.06055
2.06106
2.06157
2.06208
2.06258
2.06309
2.06359
2.06409
2.06459
2.06508
2.06558
2.06607
2.06656
2.06705
2.06754
2.06802
2.06851
2.06899
2.06947
2.06995
2.07042
2.0709
2.07137
2.07184
2.07231
2.07277
2.07324
2.0737
2.07416
2.07462
2.07508
2.07554
2.07599
2.07644
2.07689
2.07734
2.07779
2.07823
2.07867
2.07911
2.07955
2.07999
2.08043
2.08086
2.08129
2.08172
2.08215
2.08257
2.083
2.08342
2.08384
2.08426
2.08468
2.08509
2.0855
2.08592
2.08633
2.08673
2.08714
2.08754
2.08795
2.08835
2.08874
2.08914
2.08954
2.08993
2.09032
2.09071
2.0911
2.09148
2.09187
2.09225
2.09263
2.09301
2.09338
2.09376
2.09413
2.0945
2.09487
2.09524
2.09561
2.09597
2.09633
2.0967
2.09705
2.09741
2.09777
2.09812
2.09847
2.09882
2.09917
2.09952
2.09986
2.10021
2.10055
2.10089
2.10122
2.10156
2.1019
2.10223
2.10256
2.10289
2.10322
2.10354
2.10387
2.10419
2.10451
2.10483
2.10515
2.10546
2.10578
2.10609
2.1064
2.10671
2.10701
2.10732
2.10762
2.10793
2.10823
2.10853
2.10882
2.10912
2.10941
2.10971
2.11
2.11029
2.11057
2.11086
2.11114
2.11143
2.11171
2.11199
2.11226
2.11254
2.11281
2.11309
2.11336
2.11363
2.1139
2.11416
2.11443
2.11469
2.11495
2.11521
2.11547
2.11573
2.11598
2.11624
2.11649
2.11674
2.11699
2.11724
2.11748
2.11773
2.11797
2.11821
2.11845
2.11869
2.11893
2.11917
2.1194
2.11963
2.11986
2.12009
2.12032
2.12055
2.12077
2.121
2.12122
2.12144
2.12166
2.12188
2.12209
2.12231
2.12252
2.12273
2.12294
2.12315
2.12336
2.12357
2.12377
2.12397
2.12417
2.12438
2.12457
2.12477
2.12497
2.12516
2.12536
2.12555
2.12574
2.12593
2.12611
2.1263
2.12649
2.12667
2.12685
2.12703
2.12721
2.12739
2.12757
2.12774
2.12792
2.12809
2.12826
2.12843
2.1286
2.12876
2.12893
2.12909
2.12926
2.12942
2.12958
2.12974
2.1299
2.13005
2.13021
2.13036
2.13051
2.13067
2.13082
2.13096
2.13111
2.13126
2.1314
2.13155
2.13169
2.13183
2.13197
2.13211
2.13224
2.13238
2.13251
2.13265
2.13278
2.13291
2.13304
2.13317
2.1333
2.13342
2.13355
2.13367
2.13379
2.13391
2.13403
2.13415
2.13427
2.13438
2.1345
2.13461
2.13472
2.13484
2.13495
2.13506
2.13516
2.13527
2.13537
2.13548
2.13558
2.13568
2.13578
2.13588
2.13598
2.13608
2.13617
2.13627
2.13636
2.13646
2.13655
2.13664
2.13673
2.13681
2.1369
2.13699
2.13707
2.13715
2.13724
2.13732
2.1374
2.13748
2.13755
2.13763
2.13771
2.13778
2.13786
2.13793
2.138
2.13807
2.13814
2.13821
2.13827
2.13834
2.13841
2.13847
2.13853
2.13859
2.13865
2.13871
2.13877
2.13883
2.13889
2.13894
2.139
2.13905
2.1391
2.13916
2.13921
2.13926
2.13931
2.13935
2.1394
2.13945
2.13949
2.13953
2.13958
2.13962
2.13966
2.1397
2.13974
2.13978
2.13981
2.13985
2.13988
2.13992
2.13995
2.13998
2.14002
2.14005
2.14008
2.1401
2.14013
2.14016
2.14018
2.14021
2.14023
2.14026
2.14028
2.1403
2.14032
2.14034
2.14036
2.14038
2.1404
2.14041
2.14043
2.14044
2.14046
2.14047
2.14048
2.14049
2.1405
2.14051
2.14052
2.14053
2.14054
2.14055
2.14055
2.14056
2.14056
2.14056
2.14057
2.14057
2.14057
2.14057
2.14057
2.14057
2.14057
2.14057
2.14056
2.14056
2.14055
2.14055
2.14054
2.14054
2.14053
2.14052
2.14051
2.1405
2.14049
2.14048
2.14047
2.14046
2.14044
2.14043
2.14042
2.1404
2.14039
2.14037
2.14035
2.14034
2.14032
2.1403
2.14028
2.14026
2.14024
2.14022
2.1402
2.14018
2.14016
2.14013
2.14011
2.14008
2.14006
2.14003
2.14001
2.13998
2.13995
2.13993
2.1399
2.13987
2.13984
2.13981
2.13978
2.13975
2.13972
2.13969
2.13966
2.13963
2.13959
2.13956
2.13953
2.13949
2.13946
2.13942
2.13939
2.13935
2.13931
2.13928
2.13924
2.1392
2.13916
2.13913
2.13909
2.13905
2.13901
2.13897
2.13893
2.13889
2.13885
2.13881
2.13876
2.13872
2.13868
2.13864
2.13859
2.13855
2.13851
2.13846
2.13842
2.13837
2.13833
2.13828
2.13824
2.13819
2.13815
2.1381
2.13805
2.13801
2.13796
2.13791
2.13786
2.13782
2.13777
2.13772
2.13767
2.13762
2.13757
2.13752
2.13747
2.13742
2.13737
2.13732
2.13727
2.13722
2.13717
2.13712
2.13707
2.13702
2.13697
2.13692
2.13686
2.13681
2.13676
2.13671
2.13666
2.1366
2.13655
2.1365
2.13645
2.13639
2.13634
2.13629
2.13623
2.13618
2.13613
2.13607
2.13602
2.13597
2.13591
2.13586
2.1358
2.13575
2.13569
2.13564
2.13559
2.13553
2.13548
2.13542
2.13537
2.13531
2.13526
2.1352
2.13515
2.13509
2.13504
2.13498
2.13493
2.13487
2.13482
2.13476
2.13471
2.13465
2.1346
2.13454
2.13449
2.13443
2.13438
2.13432
2.13427
2.13421
2.13416
2.1341
2.13405
2.13399
2.13394
2.13388
2.13383
2.13377
2.13372
2.13366
2.13361
2.13355
2.1335
2.13344
2.13339
2.13333
2.13328
2.13322
2.13317
2.13312
2.13306
2.13301
2.13295
2.1329
2.13284
2.13279
2.13273
2.13268
2.13262
2.13257
2.13252
2.13246
2.13241
2.13235
2.1323
2.13224
2.13219
2.13214
2.13208
2.13203
2.13197
2.13192
2.13187
2.13181
2.13176
2.13171
2.13165
2.1316
2.13155
2.13149
2.13144
2.13138
2.13133
2.13128
2.13122
2.13117
2.13112
2.13106
2.13101
2.13096
2.1309
2.13085
2.1308
2.13075
2.13069
2.13064
2.13059
2.13053
2.13048
2.13043
2.13037
2.13032
2.13027
2.13022
2.13016
2.13011
2.13006
2.13
2.12995
2.1299
2.12984
2.12979
2.12974
2.12968
2.12963
2.12958
2.12953
2.12947
2.12942
2.12937
2.12931
2.12926
2.12921
2.12915
2.1291
2.12904
2.12899
2.12894
2.12888
2.12883
2.12878
2.12872
2.12867
2.12861
2.12856
2.1285
2.12845
2.12839
2.12834
2.12829
2.12823
2.12818
2.12812
2.12806
2.12801
2.12795
2.1279
2.12784
2.12779
2.12773
2.12767
2.12762
2.12756
2.1275
2.12745
2.12739
2.12733
2.12727
2.12722
2.12716
2.1271
2.12704
2.12698
2.12692
2.12687
2.12681
2.12675
2.12669
2.12663
2.12657
2.12651
2.12644
2.12638
2.12632
2.12626
2.1262
2.12614
2.12607
2.12601
2.12595
2.12588
2.12582
2.12576
2.12569
2.12563
2.12556
2.1255
2.12543
2.12537
2.1253
2.12523
2.12516
2.1251
2.12503
2.12496
2.12489
2.12482
2.12475
2.12468
2.12461
2.12454
2.12447
2.1244
2.12433
2.12425
2.12418
2.12411
2.12403
2.12396
2.12388
2.12381
2.12373
2.12366
2.12358
2.1235
2.12342
2.12335
2.12327
2.12319
2.12311
2.12303
2.12295
2.12287
2.12278
2.1227
2.12262
2.12253
2.12245
2.12236
2.12228
2.12219
2.12211
2.12202
2.12193
2.12184
2.12175
2.12166
2.12157
2.12148
2.12139
2.1213
2.12121
2.12111
2.12102
2.12092
2.12083
2.12073
2.12063
2.12054
2.12044
2.12034
2.12024
2.12014
2.12004
2.11994
2.11983
2.11973
2.11963
2.11952
2.11942
2.11931
2.1192
2.1191
2.11899
2.11888
2.11877
2.11866
2.11855
2.11843
2.11832
2.11821
2.11809
2.11798
2.11786
2.11774
2.11763
2.11751
2.11739
2.11727
2.11715
2.11702
2.1169
2.11678
2.11665
2.11653
2.1164
2.11628
2.11615
2.11602
2.11589
2.11576
2.11563
2.1155
2.11536
2.11523
2.1151
2.11496
2.11483
2.11469
2.11455
2.11441
2.11427
2.11413
2.11399
2.11385
2.1137
2.11356
2.11341
2.11327
2.11312
2.11297
2.11283
2.11268
2.11253
2.11237
2.11222
2.11207
2.11191
2.11176
2.1116
2.11145
2.11129
2.11113
2.11097
2.11081
2.11065
2.11049
2.11032
2.11016
2.10999
2.10983
2.10966
2.10949
2.10932
2.10915
2.10898
2.10881
2.10864
2.10847
2.10829
2.10812
2.10794
2.10776
2.10758
2.10741
2.10723
2.10704
2.10686
2.10668
2.1065
2.10631
2.10613
2.10594
2.10575
2.10556
2.10537
2.10518
2.10499
2.1048
2.10461
2.10441
2.10422
2.10402
2.10383
2.10363
2.10343
2.10323
2.10303
2.10283
2.10263
2.10243
2.10222
2.10202
2.10181
2.10161
2.1014
2.10119
2.10098
2.10077
2.10056
2.10035
2.10013
2.09992
2.09971
2.09949
2.09927
2.09906
2.09884
2.09862
2.0984
2.09818
2.09796
2.09774
2.09751
2.09729
2.09706
2.09684
2.09661
2.09638
2.09615
2.09593
2.0957
2.09546
2.09523
2.095
2.09477
2.09453
2.0943
2.09406
2.09383
2.09359
2.09335
2.09311
2.09287
2.09263
2.09239
2.09215
2.0919
2.09166
2.09142
2.09117
2.09092
2.09068
2.09043
2.09018
2.08993
2.08968
2.08943
2.08918
2.08893
2.08868
2.08842
2.08817
2.08791
2.08766
2.0874
2.08714
2.08689
2.08663
2.08637
2.08611
2.08585
2.08559
2.08532
2.08506
2.0848
2.08453
2.08427
2.084
2.08374
2.08347
2.0832
2.08294
2.08267
2.0824
2.08213
2.08186
2.08159
2.08131
2.08104
2.08077
2.0805
2.08022
2.07995
2.07967
2.07939
2.07912
2.07884
2.07856
2.07828
2.07801
2.07773
2.07745
2.07717
2.07688
2.0766
2.07632
2.07604
2.07575
2.07547
2.07519
2.0749
2.07462
2.07433
2.07404
2.07376
2.07347
2.07318
2.07289
2.0726
2.07231
2.07202
2.07173
2.07144
2.07115
2.07086
2.07057
2.07028
2.06998
2.06969
2.06939
2.0691
2.0688
2.06851
2.06821
2.06792
2.06762
2.06732
2.06703
2.06673
2.06643
2.06613
2.06583
2.06553
2.06523
2.06493
2.06463
2.06433
2.06403
2.06373
2.06343
2.06313
2.06282
2.06252
2.06222
2.06191
2.06161
2.06131
2.061
2.0607
2.06039
2.06008
2.05978
2.05947
2.05917
2.05886
2.05855
2.05825
2.05794
2.05763
2.05732
2.05701
2.0567
2.0564
2.05609
2.05578
2.05547
2.05516
2.05485
2.05454
2.05423
2.05391
2.0536
2.05329
2.05298
2.05267
2.05236
2.05204
2.05173
2.05142
2.05111
2.05079
2.05048
2.05017
2.04985
2.04954
2.04923
2.04891
2.0486
2.04828
2.04797
2.04765
2.04734
2.04702
2.04671
2.04639
2.04608
2.04576
2.04545
2.04513
2.04481
2.0445
2.04418
2.04387
2.04355
2.04323
2.04292
2.0426
2.04228
2.04197
2.04165
2.04133
2.04101
2.0407
2.04038
2.04006
2.03974
2.03943
2.03911
2.03879
2.03847
2.03816
2.03784
2.03752
2.0372
2.03688
2.03657
2.03625
2.03593
2.03561
2.03529
2.03498
2.03466
2.03434
2.03402
2.0337
2.03338
2.03307
2.03275
2.03243
2.03211
2.03179
2.03147
2.03116
2.03084
2.03052
2.0302
2.02988
2.02957
2.02925
2.02893
2.02861
2.02829
2.02798
2.02766
2.02734
2.02702
2.0267
2.02639
2.02607
2.02575
2.02543
2.02512
2.0248
2.02448
2.02416
2.02385
2.02353
2.02321
2.0229
2.02258
2.02226
2.02195
2.02163
2.02131
2.021
2.02068
2.02037
2.02005
2.01973
2.01942
2.0191
2.01879
2.01847
2.01816
2.01784
2.01753
2.01721
2.0169
2.01658
2.01627
2.01596
2.01564
2.01533
2.01502
2.0147
2.01439
2.01408
2.01376
2.01345
2.01314
2.01282
2.01251
2.0122
2.01189
2.01158
2.01127
2.01095
2.01064
2.01033
2.01002
2.00971
2.0094
2.00909
2.00878
2.00847
2.00816
2.00785
2.00754
2.00724
2.00693
2.00662
2.00631
2.006
2.0057
2.00539
2.00508
2.00478
2.00447
2.00416
2.00386
2.00355
2.00325
2.00294
2.00264
2.00233
2.00203
2.00172
2.00142
2.00112
2.00081
2.00051
2.00021
1.99991
1.9996
1.9993
1.999
1.9987
1.9984
1.9981
1.9978
1.9975
1.9972
1.9969
1.9966
1.9963
1.996
1.99571
1.99541
1.99511
1.99482
1.99452
1.99422
1.99393
1.99363
1.99334
1.99304
1.99275
1.99245
1.99216
1.99187
1.99157
1.99128
1.99099
1.9907
1.99041
1.99012
1.98983
1.98954
1.98925
1.98896
1.98867
1.98838
1.98809
1.9878
1.98752
1.98723
1.98694
1.98666
1.98637
1.98608
1.9858
1.98552
1.98523
1.98495
1.98466
1.98438
1.9841
1.98382
1.98354
1.98326
1.98297
1.98269
1.98241
1.98214
1.98186
1.98158
1.9813
1.98102
1.98075
1.98047
1.98019
1.97992
1.97964
1.97937
1.9791
1.97882
1.97855
1.97828
1.978
1.97773
1.97746
1.97719
1.97692
1.97665
1.97638
1.97611
1.97584
1.97558
1.97531
1.97504
1.97478
1.97451
1.97425
1.97398
1.97372
1.97345
1.97319
1.97293
1.97267
1.9724
1.97214
1.97188
1.97162
1.97136
1.97111
1.97085
1.97059
1.97033
1.97008
1.96982
1.96956
1.96931
1.96905
1.9688
1.96855
1.96829
1.96804
1.96779
1.96754
1.96729
1.96704
1.96679
1.96654
1.96629
1.96604
1.9658
1.96555
1.96531
1.96506
1.96481
1.96457
1.96433
1.96408
1.96384
1.9636
1.96336
1.96312
1.96288
1.96264
1.9624
1.96216
1.96192
1.96168
1.96145
1.96121
1.96098
1.96074
1.96051
1.96027
1.96004
1.95981
1.95958
1.95934
1.95911
1.95888
1.95865
1.95843
1.9582
1.95797
1.95774
1.95752
1.95729
1.95706
1.95684
1.95662
1.95639
1.95617
1.95595
1.95573
1.9555
1.95528
1.95506
1.95485
1.95463
1.95441
1.95419
1.95397
1.95376
1.95354
1.95333
1.95311
1.9529
1.95269
1.95247
1.95226
1.95205
1.95184
1.95163
1.95142
1.95121
1.951
1.95079
1.95059
1.95038
1.95018
1.94997
1.94977
1.94956
1.94936
1.94915
1.94895
1.94875
1.94855
1.94835
1.94815
1.94795
1.94775
1.94755
1.94736
1.94716
1.94696
1.94677
1.94657
1.94638
1.94618
1.94599
1.9458
1.9456
1.94541
1.94522
1.94503
1.94484
1.94465
1.94446
1.94427
1.94409
1.9439
1.94371
1.94353
1.94334
1.94316
1.94297
1.94279
1.94261
1.94242
1.94224
1.94206
1.94188
1.9417
1.94152
1.94134
1.94116
1.94098
1.9408
1.94063
1.94045
1.94028
1.9401
1.93992
1.93975
1.93958
1.9394
1.93923
1.93906
1.93889
1.93871
1.93854
1.93837
1.9382
1.93803
1.93787
1.9377
1.93753
1.93736
1.9372
1.93703
1.93686
1.9367
1.93653
1.93637
1.93621
1.93604
1.93588
1.93572
1.93555
1.93539
1.93523
1.93507
1.93491
1.93475
1.93459
1.93443
1.93428
1.93412
1.93396
1.9338
1.93365
1.93349
1.93333
1.93318
1.93302
1.93287
1.93271
1.93256
1.93241
1.93225
1.9321
1.93195
1.9318
1.93165
1.9315
1.93135
1.9312
1.93105
1.9309
1.93075
1.9306
1.93045
1.9303
1.93015
1.93001
1.92986
1.92971
1.92957
1.92942
1.92928
1.92913
1.92899
1.92884
1.9287
1.92855
1.92841
1.92826
1.92812
1.92798
1.92784
1.92769
1.92755
1.92741
1.92727
1.92713
1.92699
1.92685
1.92671
1.92657
1.92643
1.92629
1.92615
1.92601
1.92587
1.92573
1.92559
1.92545
1.92532
1.92518
1.92504
1.9249
1.92477
1.92463
1.92449
1.92436
1.92422
1.92408
1.92395
1.92381
1.92368
1.92354
1.92341
1.92327
1.92314
1.923
1.92287
1.92273
1.9226
1.92246
1.92233
1.9222
1.92206
1.92193
1.9218
1.92166
1.92153
1.9214
1.92126
1.92113
1.921
1.92086
1.92073
1.9206
1.92047
1.92033
1.9202
1.92007
1.91994
1.9198
1.91967
1.91954
1.91941
1.91928
1.91914
1.91901
1.91888
1.91875
1.91862
1.91848
1.91835
1.91822
1.91809
1.91796
1.91783
1.91769
1.91756
1.91743
1.9173
1.91717
1.91703
1.9169
1.91677
1.91664
1.91651
1.91637
1.91624
1.91611
1.91598
1.91585
1.91571
1.91558
1.91545
1.91532
1.91518
1.91505
1.91492
1.91479
1.91465
1.91452
1.91439
1.91426
1.91412
1.91399
1.91386
1.91372
1.91359
1.91345
1.91332
1.91319
1.91305
1.91292
1.91278
1.91265
1.91251
1.91238
1.91225
1.91211
1.91197
1.91184
1.9117
1.91157
1.91143
1.9113
1.91116
1.91102
1.91089
1.91075
1.91061
1.91048
1.91034
1.9102
1.91007
1.90993
1.90979
1.90965
1.90951
1.90938
1.90924
1.9091
1.90896
1.90882
1.90868
1.90854
1.9084
1.90826
1.90812
1.90798
1.90784
1.9077
1.90756
1.90742
1.90727
1.90713
1.90699
1.90685
1.9067
1.90656
1.90642
1.90628
1.90613
1.90599
1.90584
1.9057
1.90555
1.90541
1.90527
1.90512
1.90497
1.90483
1.90468
1.90454
1.90439
1.90424
1.90409
1.90395
1.9038
1.90365
1.9035
1.90335
1.90321
1.90306
1.90291
1.90276
1.90261
1.90246
1.90231
1.90216
1.90201
1.90185
1.9017
1.90155
1.9014
1.90125
1.90109
1.90094
1.90079
1.90063
1.90048
1.90032
1.90017
1.90001
1.89986
1.8997
1.89955
1.89939
1.89924
1.89908
1.89892
1.89877
1.89861
1.89845
1.89829
1.89813
1.89797
1.89782
1.89766
1.8975
1.89734
1.89718
1.89702
1.89685
1.89669
1.89653
1.89637
1.89621
1.89605
1.89588
1.89572
1.89556
1.89539
1.89523
1.89506
1.8949
1.89474
1.89457
1.8944
1.89424
1.89407
1.89391
1.89374
1.89357
1.89341
1.89324
1.89307
1.8929
1.89273
1.89256
1.8924
1.89223
1.89206
1.89189
1.89172
1.89155
1.89137
1.8912
1.89103
1.89086
1.89069
1.89052
1.89034
1.89017
1.89
1.88982
1.88965
1.88948
1.8893
1.88913
1.88895
1.88878
1.8886
1.88843
1.88825
1.88807
1.8879
1.88772
1.88754
1.88736
1.88719
1.88701
1.88683
1.88665
1.88647
1.88629
1.88611
1.88594
1.88576
1.88558
1.88539
1.88521
1.88503
1.88485
1.88467
1.88449
1.88431
1.88412
1.88394
1.88376
1.88358
1.88339
1.88321
1.88303
1.88284
1.88266
1.88247
1.88229
1.8821
1.88192
1.88173
1.88155
1.88136
1.88117
1.88099
1.8808
1.88061
1.88043
1.88024
1.88005
1.87986
1.87968
1.87949
1.8793
1.87911
1.87892
1.87873
1.87854
1.87835
1.87816
1.87797
1.87778
1.87759
1.8774
1.87721
1.87702
1.87683
1.87664
1.87645
1.87625
1.87606
1.87587
1.87568
1.87549
1.87529
1.8751
1.87491
1.87471
1.87452
1.87433
1.87413
1.87394
1.87374
1.87355
1.87336
1.87316
1.87297
1.87277
1.87258
1.87238
1.87218
1.87199
1.87179
1.8716
1.8714
1.8712
1.87101
1.87081
1.87061
1.87042
1.87022
1.87002
1.86983
1.86963
1.86943
1.86923
1.86903
1.86884
1.86864
1.86844
1.86824
1.86804
1.86784
1.86765
1.86745
1.86725
1.86705
1.86685
1.86665
1.86645
1.86625
1.86605
1.86585
1.86565
1.86545
1.86525
1.86505
1.86485
1.86465
1.86445
1.86425
1.86405
1.86385
1.86365
1.86345
1.86325
1.86304
1.86284
1.86264
1.86244
1.86224
1.86204
1.86184
1.86164
1.86143
1.86123
1.86103
1.86083
1.86063
1.86042
1.86022
1.86002
1.85982
1.85962
1.85941
1.85921
1.85901
1.85881
1.8586
1.8584
1.8582
1.858
1.85779
1.85759
1.85739
1.85719
1.85698
1.85678
1.85658
1.85638
1.85617
1.85597
1.85577
1.85557
1.85536
1.85516
1.85496
1.85475
1.85455
1.85435
1.85415
1.85394
1.85374
1.85354
1.85333
1.85313
1.85293
1.85273
1.85252
1.85232
1.85212
1.85191
1.85171
1.85151
1.85131
1.8511
1.8509
1.8507
1.85049
1.85029
1.85009
1.84989
1.84968
1.84948
1.84928
1.84908
1.84887
1.84867
1.84847
1.84827
1.84807
1.84786
1.84766
1.84746
1.84726
1.84706
1.84685
1.84665
1.84645
1.84625
1.84605
1.84585
1.84564
1.84544
1.84524
1.84504
1.84484
1.84464
1.84444
1.84424
1.84403
1.84383
1.84363
1.84343
1.84323
1.84303
1.84283
1.84263
1.84243
1.84223
1.84203
1.84183
1.84163
1.84143
1.84123
1.84103
1.84083
1.84063
1.84043
1.84023
1.84003
1.83984
1.83964
1.83944
1.83924
1.83904
1.83884
1.83865
1.83845
1.83825
1.83805
1.83785
1.83766
1.83746
1.83726
1.83706
1.83687
1.83667
1.83647
1.83628
1.83608
1.83588
1.83569
1.83549
1.8353
1.8351
1.83491
1.83471
1.83451
1.83432
1.83412
1.83393
1.83373
1.83354
1.83335
1.83315
1.83296
1.83276
1.83257
1.83238
1.83218
1.83199
1.8318
1.83161
1.83141
1.83122
1.83103
1.83084
1.83064
1.83045
1.83026
1.83007
1.82988
1.82969
1.8295
1.82931
1.82912
1.82893
1.82874
1.82855
1.82836
1.82817
1.82798
1.82779
1.8276
1.82741
1.82723
1.82704
1.82685
1.82666
1.82648
1.82629
1.8261
1.82592
1.82573
1.82554
1.82536
1.82517
1.82499
1.8248
1.82462
1.82443
1.82425
1.82406
1.82388
1.82369
1.82351
1.82333
1.82314
1.82296
1.82278
1.8226
1.82242
1.82223
1.82205
1.82187
1.82169
1.82151
1.82133
1.82115
1.82097
1.82079
1.82061
1.82043
1.82025
1.82007
1.8199
1.81972
1.81954
1.81936
1.81919
1.81901
1.81883
1.81866
1.81848
1.81831
1.81813
1.81796
1.81778
1.81761
1.81743
1.81726
1.81709
1.81691
1.81674
1.81657
1.8164
1.81622
1.81605
1.81588
1.81571
1.81554
1.81537
1.8152
1.81503
1.81486
1.81469
1.81452
1.81435
1.81419
1.81402
1.81385
1.81369
1.81352
1.81335
1.81319
1.81302
1.81286
1.81269
1.81253
1.81236
1.8122
1.81204
1.81187
1.81171
1.81155
1.81139
1.81122
1.81106
1.8109
1.81074
1.81058
1.81042
1.81026
1.8101
1.80994
1.80979
1.80963
1.80947
1.80931
1.80916
1.809
1.80885
1.80869
1.80853
1.80838
1.80823
1.80807
1.80792
1.80777
1.80761
1.80746
1.80731
1.80716
1.80701
1.80686
1.8067
1.80655
1.80641
1.80626
1.80611
1.80596
1.80581
1.80566
1.80552
1.80537
1.80523
1.80508
1.80493
1.80479
1.80465
1.8045
1.80436
1.80422
1.80407
1.80393
1.80379
1.80365
1.80351
1.80337
1.80323
1.80309
1.80295
1.80281
1.80267
1.80253
1.8024
1.80226
1.80213
1.80199
1.80185
1.80172
1.80159
1.80145
1.80132
1.80119
1.80105
1.80092
1.80079
1.80066
1.80053
1.8004
1.80027
1.80014
1.80001
1.79988
1.79976
1.79963
1.7995
1.79938
1.79925
1.79913
1.799
1.79888
1.79875
1.79863
1.79851
1.79839
1.79826
1.79814
1.79802
1.7979
1.79778
1.79766
1.79755
1.79743
1.79731
1.79719
1.79708
1.79696
1.79685
1.79673
1.79662
1.7965
1.79639
1.79628
1.79617
1.79605
1.79594
1.79583
1.79572
1.79561
1.7955
1.7954
1.79529
1.79518
1.79507
1.79497
1.79486
1.79476
1.79465
1.79455
1.79445
1.79434
1.79424
1.79414
1.79404
1.79394
1.79384
1.79374
1.79364
1.79354
1.79344
1.79335
1.79325
1.79315
1.79306
1.79296
1.79287
1.79278
1.79268
1.79259
1.7925
1.79241
1.79232
1.79223
1.79214
1.79205
1.79196
1.79187
1.79178
1.7917
1.79161
1.79152
1.79144
1.79136
1.79127
1.79119
1.79111
1.79102
1.79094
1.79086
1.79078
1.7907
1.79062
1.79055
1.79047
1.79039
1.79031
1.79024
1.79016
1.79009
1.79001
1.78994
1.78987
1.7898
1.78973
1.78965
1.78958
1.78951
1.78945
1.78938
1.78931
1.78924
1.78918
1.78911
1.78904
1.78898
1.78892
1.78885
1.78879
1.78873
1.78867
1.78861
1.78855
1.78849
1.78843
1.78837
1.78831
1.78825
1.7882
1.78814
1.78809
1.78803
1.78798
1.78793
1.78787
1.78782
1.78777
1.78772
1.78767
1.78762
1.78757
1.78752
1.78748
1.78743
1.78739
1.78734
1.7873
1.78725
1.78721
1.78717
1.78712
1.78708
1.78704
1.787
1.78696
1.78692
1.78689
1.78685
1.78681
1.78678
1.78674
1.78671
1.78667
1.78664
1.78661
1.78658
1.78655
1.78652
1.78649
1.78646
1.78643
1.7864
1.78637
1.78635
1.78632
1.7863
1.78627
1.78625
1.78623
1.78621
1.78618
1.78616
1.78614
1.78612
1.78611
1.78609
1.78607
1.78605
1.78604
1.78602
1.78601
1.786
1.78598
1.78597
1.78596
1.78595
1.78594
1.78593
1.78592
1.78591
1.78591
1.7859
1.78589
1.78589
1.78589
1.78588
1.78588
1.78588
1.78588
1.78588
1.78588
1.78588
1.78588
1.78588
1.78588
1.78589
1.78589
1.7859
1.78591
1.78591
1.78592
1.78593
1.78594
1.78595
1.78596
1.78597
1.78598
1.786
1.78601
1.78603
1.78604
1.78606
1.78607
1.78609
1.78611
1.78613
1.78615
1.78617
1.78619
1.78622
1.78624
1.78626
1.78629
1.78631
1.78634
1.78637
1.7864
1.78642
1.78645
1.78648
1.78652
1.78655
1.78658
1.78662
1.78665
1.78669
1.78672
1.78676
1.7868
1.78684
1.78688
1.78692
1.78696
1.787
1.78704
1.78709
1.78713
1.78718
1.78722
1.78727
1.78732
1.78737
1.78742
1.78747
1.78752
1.78757
1.78763
1.78768
1.78774
1.78779
1.78785
1.78791
1.78797
1.78803
1.78809
1.78815
1.78821
1.78828
1.78834
1.78841
1.78847
1.78854
1.78861
1.78868
1.78875
1.78882
1.78889
1.78896
1.78904
1.78911
1.78919
1.78926
1.78934
1.78942
1.7895
1.78958
1.78966
1.78974
1.78983
1.78991
1.79
1.79008
1.79017
1.79026
1.79035
1.79044
1.79053
1.79062
1.79072
1.79081
1.79091
1.791
1.7911
1.7912
1.7913
1.7914
1.7915
1.79161
1.79171
1.79182
1.79192
1.79203
1.79214
1.79225
1.79236
1.79247
1.79258
1.7927
1.79281
1.79293
1.79305
1.79317
1.79328
1.79341
1.79353
1.79365
1.79378
1.7939
1.79403
1.79416
1.79428
1.79441
1.79455
1.79468
1.79481
1.79495
1.79508
1.79522
1.79536
1.7955
1.79564
1.79578
1.79593
1.79607
1.79622
1.79637
1.79651
1.79666
1.79681
1.79697
1.79712
1.79728
1.79743
1.79759
1.79775
1.79791
1.79807
1.79823
1.7984
1.79856
1.79873
1.7989
1.79907
1.79924
1.79941
1.79959
1.79976
1.79994
1.80012
1.80029
1.80048
1.80066
1.80084
1.80103
1.80121
1.8014
1.80159
1.80178
1.80197
1.80217
1.80236
1.80256
1.80276
1.80296
1.80316
1.80336
1.80356
1.80377
1.80398
1.80419
1.8044
1.80461
1.80482
1.80504
1.80525
1.80547
1.80569
1.80591
1.80613
1.80636
1.80658
1.80681
1.80704
1.80727
1.8075
1.80774
1.80797
1.80821
1.80845
1.80869
1.80893
1.80917
1.80942
1.80967
1.80992
1.81017
1.81042
1.81067
1.81093
1.81119
1.81145
1.81171
1.81197
1.81223
1.8125
1.81277
1.81304
1.81331
1.81358
1.81386
1.81414
1.81441
1.81469
1.81498
1.81526
1.81555
1.81583
1.81612
1.81642
1.81671
1.817
1.8173
1.8176
1.8179
1.8182
1.81851
1.81882
1.81912
1.81943
1.81975
1.82006
1.82038
1.82069
1.82101
1.82134
1.82166
1.82199
1.82231
1.82264
1.82298
1.82331
1.82365
1.82398
1.82432
1.82467
1.82501
1.82535
1.8257
1.82605
1.8264
1.82676
1.82711
1.82747
1.82783
1.82819
1.82856
1.82893
1.82929
1.82966
1.83004
1.83041
1.83079
1.83117
1.83155
1.83193
1.83232
1.8327
1.83309
1.83348
1.83388
1.83427
1.83467
1.83507
1.83547
1.83588
1.83629
1.83669
1.83711
1.83752
1.83793
1.83835
1.83877
1.83919
1.83962
1.84004
1.84047
1.8409
1.84133
1.84177
1.84221
1.84265
1.84309
1.84353
1.84398
1.84443
1.84488
1.84533
1.84578
1.84624
1.8467
1.84716
1.84762
1.84809
1.84856
1.84903
1.8495
1.84998
1.85045
1.85093
1.85141
1.8519
1.85238
1.85287
1.85336
1.85385
1.85435
1.85485
1.85535
1.85585
1.85635
1.85686
1.85737
1.85788
1.85839
1.8589
1.85942
1.85994
1.86046
1.86098
1.86151
1.86204
1.86257
1.8631
1.86364
1.86417
1.86471
1.86525
1.8658
1.86634
1.86689
1.86744
1.86799
1.86854
1.8691
1.86966
1.87022
1.87078
1.87135
1.87191
1.87248
1.87305
1.87363
1.8742
1.87478
1.87536
1.87594
1.87652
1.87711
1.8777
1.87829
1.87888
1.87947
1.88007
1.88066
1.88126
1.88186
1.88247
1.88307
1.88368
1.88429
1.8849
1.88552
1.88613
1.88675
1.88737
1.88799
1.88861
1.88924
1.88986
1.89049
1.89112
1.89175
1.89239
1.89302
1.89366
1.8943
1.89494
1.89558
1.89623
1.89687
1.89752
1.89817
1.89882
1.89947
1.90013
1.90078
1.90144
1.9021
1.90276
1.90342
1.90409
1.90475
1.90542
1.90609
1.90676
1.90743
1.9081
1.90877
1.90945
1.91013
1.91081
1.91149
1.91217
1.91285
1.91353
1.91422
1.9149
1.91559
1.91628
1.91697
1.91766
1.91835
1.91905
1.91974
1.92044
1.92113
1.92183
1.92253
1.92323
1.92393
1.92463
1.92534
1.92604
1.92674
1.92745
1.92816
1.92886
1.92957
1.93028
1.93099
1.9317
1.93241
1.93313
1.93384
1.93455
1.93527
1.93598
1.9367
1.93741
1.93813
1.93885
1.93956
1.94028
1.941
1.94172
1.94244
1.94316
1.94388
1.9446
1.94532
1.94604
1.94677
1.94749
1.94821
1.94893
1.94965
1.95038
1.9511
1.95182
1.95255
1.95327
1.95399
1.95472
1.95544
1.95616
1.95688
1.95761
1.95833
1.95905
1.95978
1.9605
1.96122
1.96194
1.96266
1.96338
1.96411
1.96483
1.96555
1.96627
1.96699
1.9677
1.96842
1.96914
1.96986
1.97058
1.97129
1.97201
1.97272
1.97344
1.97415
1.97486
1.97558
1.97629
1.977
1.97771
1.97842
1.97913
1.97983
1.98054
1.98125
1.98195
1.98265
1.98336
1.98406
1.98476
1.98546
1.98616
1.98685
1.98755
1.98825
1.98894
1.98963
1.99032
1.99101
1.9917
1.99239
1.99307
1.99376
1.99444
1.99512
1.9958
1.99648
1.99716
1.99784
1.99851
1.99918
1.99985
2.00052
2.00119
2.00186
2.00252
2.00319
2.00385
2.00451
2.00516
2.00582
2.00647
2.00713
2.00778
2.00843
2.00907
2.00972
2.01036
2.011
2.01164
2.01228
2.01291
2.01354
2.01417
2.0148
2.01543
2.01605
2.01668
2.0173
2.01792
2.01853
2.01914
2.01976
2.02037
2.02097
2.02158
2.02218
2.02278
2.02338
2.02397
2.02457
2.02516
2.02574
2.02633
2.02691
2.02749
2.02807
2.02865
2.02922
2.02979
2.03036
2.03093
2.03149
2.03205
2.03261
2.03317
2.03372
2.03427
2.03482
2.03536
2.03591
2.03645
2.03698
2.03752
2.03805
2.03858
2.03911
2.03963
2.04015
2.04067
2.04119
2.0417
2.04221
2.04272
2.04322
2.04372
2.04422
2.04472
2.04521
2.0457
2.04619
2.04667
2.04715
2.04763
2.04811
2.04858
2.04905
2.04952
2.04998
2.05044
2.0509
2.05136
2.05181
2.05226
2.0527
2.05315
2.05359
2.05402
2.05446
2.05489
2.05532
2.05575
2.05617
2.05659
2.057
2.05742
2.05783
2.05824
2.05864
2.05904
2.05944
2.05984
2.06023
2.06062
2.06101
2.06139
2.06177
2.06215
2.06252
2.06289
2.06326
2.06363
2.06399
2.06435
2.0647
2.06506
2.06541
2.06575
2.0661
2.06644
2.06678
2.06711
2.06744
2.06777
2.0681
2.06842
2.06874
2.06906
2.06937
2.06968
2.06999
2.0703
2.0706
2.0709
2.07119
2.07149
2.07178
2.07206
2.07235
2.07263
2.07291
2.07318
2.07346
2.07373
2.07399
2.07426
2.07452
2.07477
2.07503
2.07528
2.07553
2.07577
2.07602
2.07626
2.0765
2.07673
2.07696
2.07719
2.07742
2.07764
2.07786
2.07808
2.07829
2.0785
2.07871
2.07892
2.07912
2.07932
2.07952
2.07971
2.07991
2.0801
2.08028
2.08047
2.08065
2.08083
2.081
2.08118
2.08135
2.08151
2.08168
2.08184
2.082
2.08216
2.08231
2.08246
2.08261
2.08276
2.0829
2.08305
2.08319
2.08332
2.08346
2.08359
2.08372
2.08384
2.08397
2.08409
2.0842
2.08432
2.08443
2.08455
2.08465
2.08476
2.08486
2.08497
2.08507
2.08516
2.08526
2.08535
2.08544
2.08553
2.08561
2.08569
2.08577
2.08585
2.08593
2.086
2.08607
2.08614
2.08621
2.08627
2.08633
2.08639
2.08645
2.0865
2.08656
2.08661
2.08666
2.0867
2.08675
2.08679
2.08683
2.08687
